# callgrind format
version: 1
creator: callgrind-3.18.1
pid: 8687
cmd:  ./fib 30
part: 1


desc: I1 cache: 
desc: D1 cache: 
desc: LL cache: 

desc: Timerange: Basic block 0 - 11664166
desc: Trigger: Program termination

positions: line
events: Ir
summary: 50394081


ob=(1) /lib64/ld-2.31.so
fl=(6) /usr/src/debug/glibc-2.31-150300.26.5.x86_64/elf/dl-lookup.c
fn=(190) _dl_lookup_symbol_x
841 1261
582 97
841 194
582 291
-1 194
+2 97
-1 97
+1 291
-1 291
+1 1256
-1 1256
+1 3768
-1 3865
843 97
+4 97
+4 97
-8 97
+1 194
+7 271
+3 388
+6 291
-7 776
+7 48
+1 1261
cfn=(192) do_lookup_x
calls=97 368 
* 31803
* 380
+5 194
+24 623
+31 89
+9 356
+14 267
+3 356
+5 89
+2 873
-86 48
+17 8
+1 16
+59 2

fn=(192)
368 873
+1 97
-1 679
+6 97
+42 97
-41 97
+76 97
-35 97
+35 97
-35 194
-16 915
+8 305
-4 305
+1 305
+3 305
+1 915
+3 305
+1 610
+4 610
+3 610
-5 305
+5 915
+3 2135
571 651
379 612
+3 612
+4 1230
+4 610
+4 610
575 8
-1 8
+1 56
-93 178
fi=(55) /usr/src/debug/glibc-2.31-150300.26.5.x86_64/elf/../sysdeps/generic/ldsodefs.h
125 267
fe=(6)
533 178
+3 664
+16 178
+1 89
+22 89
-21 89
+21 623
427 270
-1 180
+2 180
+2 90
+6 720
-6 90
+6 450
+7 282
-10 915
+2 178
+1 534
-1 89
+2 89
-1 178
+1 89
-1 445
cfn=(194) check_match
calls=89 75 
* 8283
+4 267
540 36
-66 2
181 719

fn=(10) _dl_setup_hash
961 8
+3 12
+2 4
+2 8
+2 4
-1 4
+3 12
+1 4
+1 4
+3 4
-3 4
+7 4
-4 4
-1 4
+3 4
+2 4
-7 4
+7 4
+5 4

fn=(194)
75 979
+3 623
+13 534
+3 425
cfi=(21) /usr/src/debug/glibc-2.31-150300.26.5.x86_64/string/../sysdeps/x86_64/strcmp.S
cfn=(56) strcmp
calls=23 +50 
* 1065
* 46
+5 89
-1 89
+1 89
+2 174
+19 174
+1 696
+46 89
-15 89
+15 445
-18 4
+2 4
+1 2
-1 4
+1 6
-1 4
-29 261
cfi=(21)
cfn=(56)
calls=87 +22 
* 2131
* 261

fl=(17) /usr/src/debug/glibc-2.31-150300.26.5.x86_64/elf/dl-object.c
fn=(38) _dl_new_object
59 39
+3 3
-3 9
+3 8
+15 4
cfi=(13) /usr/src/debug/glibc-2.31-150300.26.5.x86_64/string/../sysdeps/x86_64/multiarch/../strlen.S
cfn=(28) strlen
calls=2 +2 
* 50
* 10
+12 8
cfi=(19) /usr/src/debug/glibc-2.31-150300.26.5.x86_64/elf/dl-minimal.c
cfn=(42) calloc
calls=2 +3 
* 124
* 2
* 4
cfi=(19)
cfn=(42)
calls=1 +3 
* 37
* 1
+3 3
-3 3
+3 3
+4 3
+5 6
-6 3
+1 6
+5 3
-1 3
+1 3
-1 3
+1 3
cfi=(20) /usr/src/debug/glibc-2.31-150300.26.5.x86_64/string/../sysdeps/x86_64/multiarch/memmove-vec-unaligned-erms.S
cfn=(48) memcpy
calls=3 +35 
* 41
+15 3
-15 6
+2 3
+13 9
+6 2
+2 5
+3 1
-3 1
+3 1
-3 10
+3 2
-3 2
+3 2
+9 3
-7 3
+4 3
+3 17
+2 1
-2 91
+2 15
-2 15
+16 6
-6 3
+1 3
+5 3
-6 3
+6 9
+2 2
+3 2
-3 4
+3 2
+4 6
+4 5
+8 1
+13 1
-10 2
+10 4
-10 4
+10 4
+2 2
+21 2
-21 2
cfi=(13)
cfn=(28)
calls=2 79 
* 68
* 4
+4 2
-4 2
+17 2
-13 4
+64 2
+4 27
128 8
+37 6
-45 4
242 6
cfi=(20)
cfn=(74) mempcpy
calls=2 123 
* 32
* 42
+6 40
-1 40
+1 42
-1 2
+1 6
+5 4
150 1
+7 4
+39 4
cfi=(19)
cfn=(46) malloc
calls=2 49 
* 40
* 2
+1 2
-1 4
+1 2
64 2
+1 2
+4 5
+5 1
-5 2

fn=(50) _dl_add_to_namespace_list
31 12
+2 3
-2 9
+2 6
cfi=(2) /usr/src/debug/glibc-2.31-150300.26.5.x86_64/elf/rtld.c
cfn=(52) rtld_lock_default_lock_recursive
calls=3 801 
* 12
+2 22
+3 15
+2 2
+2 2
+4 2
+4 2
-4 4
+1 2
+4 4
-4 2
+1 2
+3 2
-3 2
+2 2
cfi=(2)
cfn=(54) rtld_lock_default_unlock_recursive
calls=2 807 
* 8
-4 1
+4 1
-4 2
+1 1
+4 2
-4 1
+1 1
+3 1
-3 1
+2 1
cfi=(2)
cfn=(54)
calls=1 807 
* 4
-5 2

fl=(19)
fn=(122) free
109 4
+2 8

fn=(42)
92 24
+8 8
-1 16
-3 8
+4 16
+3 8
cfn=(46)
calls=8 -54 
* 228
* 8

fn=(46)
49 38
+1 75
+11 36
+3 18
-3 18
+3 36
-3 2
+3 1
-3 1
+3 70
-15 6
+20 8
+1 4
+2 2
+1 16
cfi=(40) /usr/src/debug/glibc-2.31-150300.26.5.x86_64/misc/../sysdeps/unix/sysv/linux/mmap64.c
cfn=(130) mmap
calls=2 -25 
* 74
+2 4
+2 6
+2 2
+3 2
-3 4
+4 2
+2 10
-2 17
-1 17
+3 34
-29 1
-1 1
+1 1
+1 2
-2 2

fl=(135) /usr/src/debug/glibc-2.31-150300.26.5.x86_64/elf/dl-open.c
fn=(452) _dl_find_dso_for_object
201 7
+4 5
+1 4
+1 12
+1 2
-2 6
+5 2
+4 7

fl=(9) /usr/src/debug/glibc-2.31-150300.26.5.x86_64/elf/dl-tunables.c
fn=(16) __GI___tunables_init
287 10
-9 3
67 356
+6 117
-3 117
+3 9811
+4 234
+5 117
295 117
82 117
295 117
fi=(10) /usr/src/debug/glibc-2.31-150300.26.5.x86_64/elf/dl-tunables.h
120 117
-1 351
+1 126
-1 9
+1 18
fe=(9)
328 468
-12 15210
fi=(10)
119 4212
+1 4862
-1 624
fe=(9)
310 12285
67 234
362 8

fn=(26) __tunable_get_val
368 36
+3 108
+4 18
-4 70
+9 3
+1 3
-6 15
+22 90
+2 18

fl=(39) /usr/src/debug/glibc-2.31-150300.26.5.x86_64/io/../sysdeps/unix/sysv/linux/wordsize-64/fxstat.c
fn=(128) _fxstat
33 6
+1 3
-1 3
+1 3
+1 18
+4 3

fl=(146) /usr/src/debug/glibc-2.31-150300.26.5.x86_64/elf/dl-fini.c
fn=(502) _dl_fini
30 10
+20 3
-3 6
+3 4
+3 2
cfi=(2)
cfn=(52)
calls=1 801 
* 4
+2 1
+3 2
+2 8
+8 1
-3 1
+3 6
+5 2
+2 8
+2 8
+2 8
+1 4
+1 4
+4 4
-12 12
+14 6
+1 4
+6 3
cfi=(52) /usr/src/debug/glibc-2.31-150300.26.5.x86_64/elf/dl-sort-maps.c
cfn=(164) _dl_sort_maps
calls=1 -66 
* 262
+10 2
cfi=(2)
cfn=(54)
calls=1 807 
* 4
+5 3
+17 4
-15 1
+2 3
-2 3
+2 9
+3 8
+3 12
+4 4
+11 2
+1 2
-1 2
+2 4
+1 12
+1 2
cob=(4) /usr/lib/valgrind/vgpreload_core-amd64-linux.so
cfi=(100) ???
cfn=(516) 0x0000000000000580
calls=1 0 
* 98
cob=(5) /dades/biel.altimira/Documents/COM-Labs/s5-debug/files/fib
cfi=(113) ???
cfn=(504) 0x00000000004005f0
calls=1 0 
* 15
* 2
-1 6
+5 4
+1 6
cob=(2) ???
cfi=(18) ???
cfn=(540) 0x0000000004a2d738
calls=1 0 
* 3
cob=(2)
cfi=(18)
cfn=(514) 0x00000000004007a4
calls=1 0 
* 3
+6 28
+19 4
-59 12
+65 6
+6 2
+7 8
68 6
+26 7
+26 6

fl=(48) /usr/src/debug/glibc-2.31-150300.26.5.x86_64/elf/dl-cache.c
fn=(322) _dl_unload_cache
319 2
+1 4
-1 1
+3 2
cfi=(42) /usr/src/debug/glibc-2.31-150300.26.5.x86_64/misc/../sysdeps/unix/syscall-template.S
cfn=(324) munmap
calls=1 78 
* 5
+1 1
+2 2

fn=(150) _dl_load_cache_lookup
184 11
+8 2
+3 3
+54 4
+10 1
-2 1
fi=(49) /usr/src/debug/glibc-2.31-150300.26.5.x86_64/elf/../sysdeps/x86/dl-procinfo.h
39 1
fe=(48)
257 2
fi=(49)
39 3
+3 3
cfi=(21)
cfn=(56)
calls=1 144 
* 65
* 2
fe=(48)
263 4
cfi=(9)
cfn=(26)
calls=1 368 
* 20
* 1
+16 1
-16 1
+3 1
+13 1
-13 1
+13 169
cfn=(156) _dl_cache_libcmp
calls=11 138 
* 811
* 79
cfn=(156)
calls=1 138 
* 72
* 6
cfn=(156)
calls=1 138 
* 147
* 5
-13 2
+1 2
+12 1
-12 1
-1 2
+13 36
+16 2
+4 2
+8 2
cfi=(13)
cfn=(28)
calls=1 79 
* 34
* 9
+1 1
-1 1
+1 1
-1 1
+1 2
cfi=(20)
cfn=(48)
calls=1 136 
* 10
+1 2
cfi=(35) /usr/src/debug/glibc-2.31-150300.26.5.x86_64/string/strdup.c
cfn=(112) strdup
calls=1 40 
* 84
+1 8
198 4
cfi=(33) /usr/src/debug/glibc-2.31-150300.26.5.x86_64/elf/dl-misc.c
cfn=(152) _dl_sysdep_read_whole_file
calls=1 44 
* 117
+8 1
-8 1
+8 4
+1 7
+2 2
+1 1
-1 5
+8 1
-3 1
+3 2
+3 1
+1 2
-1 1
+1 1
+1 8
fi=(49)
42 3
fe=(48)

fn=(156)
138 26
+1 60
+2 276
+20 134
+2 134
+4 56
-28 56
+29 112
-29 112
+32 6
-28 4
+8 2
-2 4
+1 4
+1 4
-2 2
+2 2
+2 6
-3 2
+3 2
+2 4
+9 22

fl=(21)
fn=(56)
144 149
+1 149
+2 149
+1 149
+21 149
+1 149
+1 135
+1 135
+1 130
+1 130
+1 130
+1 130
+21 130
+1 130
+1 130
+1 130
+1 130
+1 130
+1 130
+5 7
+1 7
+9 7
+1 7
+1 7
+1 7
+1 7
+1 7
+1 7
+1 7
-7 19
+1 19
+1 19
+1 19
+1 19
+1 19
+1 19
+1 19
+1 25
+1 9
+1 9
+1 9
+2 9
+1 9
+1 9
+1 9
+1 9
+1 9
-5 16
+1 16
+1 16
+1 16
+1 16
+1 16
+10 1
+1 1
+1 1
+2 1
+6 1
+1 1
+1 1
+1 1
+1 1
+5 1
447 1
+1 1
+1 1
+1 1
+1 1
+2 1
+1 1
+1 1
+1 1
+1 1
+1 1
+1 1
+1 1
+3 1
+1 1
+1 1
+6 1
+1 1
+1 2
+4 1
+1 1
+3 1
+1 1
+1 1
+3 1
+1 1
+1 1
+6 1
+1 1
+1 1
+1 1
+1 1
+1 1
821 1
+1 1
+1 1
+1 1
+1 1
+2 1
+1 1
+1 1
+1 1
+1 1
+1 1
+1 1
+1 1
+4 1
+1 1
+1 1
+6 1
+1 1
+1 2
+4 1
+1 1
+3 1
+1 1
+1 1
+3 1
+1 1
+1 1
+6 1
+1 1
+1 1
+1 1
+1 1
+1 1
1071 3
+1 3
+1 3
+1 3
+1 3
+2 3
+1 3
+1 3
+1 3
+1 3
+1 3
+1 3
+1 3
+4 3
+1 3
+1 3
+6 3
+1 3
+1 6
+4 3
+1 3
+3 3
+1 3
+1 3
+3 3
+1 3
+1 3
+6 3
+1 3
+1 3
+1 3
+1 3
+1 3
+72 2
+1 2
+1 2
+1 2
+1 2
+2 2
+1 2
+1 2
+1 2
+1 2
+1 2
+1 2
1321 1
+1 1
+1 1
+1 1
+1 1
+2 1
+1 1
+1 1
+1 1
+1 1
+1 1
+1 1
1446 2
+1 2
+1 2
+1 2
+1 2
+2 2
+1 2
+1 2
+1 2
+1 2
+1 2
+1 2
+1 1
+4 1
+1 1
+1 1
+6 1
+1 1
+1 2
+4 1
+1 1
+3 1
+1 1
+1 1
+3 1
+1 1
+1 1
+6 1
+1 1
+1 1
+1 1
+1 1
+1 1
1696 6
+1 6
+1 6
+1 6
+1 6
+2 6
+1 6
+1 6
+1 6
+1 6
+1 6
+1 6
+1 2
+4 2
+1 2
+1 2
+6 2
+1 2
+1 4
+4 2
+1 2
+3 2
+1 2
+1 2
+3 2
+1 2
+1 2
+6 2
+1 2
+1 2
+1 2
+1 2
+1 2
+72 4
+1 4
+1 4
+1 4
+1 4
+2 4
+1 4
+1 4
+1 4
+1 4
+1 4
+1 4
+1 1
+4 1
+1 1
+1 1
+6 1
+1 1
+1 2
+4 1
+1 1
+3 1
+1 1
+1 1
+3 1
+1 1
+1 1
+6 1
+1 1
+1 1
+1 1
+1 1
+1 1
+72 5
+1 5
+1 5
+1 5
+1 5
+2 5
+1 5
+1 5
+1 5
+1 5
+1 5
+1 5
+1 2
+4 2
+1 2
+1 2
+6 2
+1 2
+1 4
+4 2
+1 2
+3 2
+1 2
+1 2
+3 2
+1 2
+1 2
+6 2
+1 2
+1 2
+1 2
+1 2
+1 2
+7 1
+1 1
+2 1
+1 1
+2 1
+1 1
+1 1
+3 1
+1 1
+1 1
+6 1
+1 1
+1 1
+1 1
+1 1
+1 1
2200 11
+2 11
+1 11
+1 11
+1 11
-3 15
+1 15
+1 15
+1 15
+1 18
+5 9
+6 9
+1 9
+8 9
+1 9
-16 140
+6 140
+1 140
+8 140
+1 140

fl=(11) /usr/src/debug/glibc-2.31-150300.26.5.x86_64/elf/../sysdeps/unix/sysv/linux/dl-sysdep.c
fn=(66) _dl_discover_osversion
46 6
+2 3
+85 5
-45 3
cfi=(25) /usr/src/debug/glibc-2.31-150300.26.5.x86_64/posix/../sysdeps/unix/syscall-template.S
cfn=(68) uname
calls=1 -10 
* 5
* 1
+15 1
-15 1
+20 1
-1 1
+3 12
+4 3
-2 6
+2 11
+2 2
+1 4
-3 8
+7 3
-1 3
+4 3
-2 3
+2 10
+5 2

fl=(36) /usr/src/debug/glibc-2.31-150300.26.5.x86_64/io/../sysdeps/unix/sysv/linux/open64_nocancel.c
fn=(116) __open_nocancel
34 6
+3 3
-3 3
+3 18
+8 21
+2 3

fl=(1) ???
fn=(0) 0x0000000000002430
0 2
cfi=(2)
cfn=(2) _dl_start
calls=1 463 
0 185221
0 14
cfi=(99) /usr/src/debug/glibc-2.31-150300.26.5.x86_64/elf/dl-init.c
cfn=(328) _dl_init
calls=1 79 
0 2121
0 3
cob=(5)
cfi=(108) /home/abuild/rpmbuild/BUILD/glibc-2.31/csu/../sysdeps/x86_64/start.S
cfn=(364) (below main)
calls=1 63 
0 50206720

fl=(46) /usr/src/debug/glibc-2.31-150300.26.5.x86_64/io/../sysdeps/unix/sysv/linux/access.c
fn=(144) access
25 2
+2 7
+4 1

fl=(44) /usr/src/debug/glibc-2.31-150300.26.5.x86_64/string/../sysdeps/x86_64/multiarch/memset-vec-unaligned-erms.S
fn=(138) memset
114 45
+6 9
+1 9
+1 2
+1 2
+66 2
+1 2
+13 2
+1 2
+1 2
+1 2
+1 2
+1 2
+1 2
+1 2
+1 2
+1 2
+1 2
+1 2
+1 2
+1 2
+2 27
+1 27
+1 27
+1 27
+1 27
+1 27
+1 27
+1 2
+14 7
+1 7
+1 7
+1 6
+1 6
+1 2
+1 2
+21 1
+1 1
+1 1
+3 4
+1 4
+1 4
+3 2
+1 2
+1 2

fl=(99)
fn=(328)
79 13
+1 1
+1 1
+3 3
+8 2
+25 1
+1 6
+1 12
-89 17
+88 6
cfn=(330) call_init.part.0
calls=3 -90 
* 1961
* 6
+7 8
-95 2
+57 3
cfn=(330)
calls=1 -59 
* 78
* 1

fn=(330)
28 8
+8 4
+3 4
-3 8
+3 12
-11 21
+16 15
+5 4
+9 12
cob=(3) /lib64/libc-2.31.so
cfi=(101) /usr/src/debug/glibc-2.31-150300.26.5.x86_64/csu/init-first.c
cfn=(342) _init
calls=1 -6 
* 95
cob=(2)
cfi=(18)
cfn=(332) 0x0000000004a2d4a0
calls=1 -58 
* 6
* 2
+4 4
+6 2
+2 4
-2 4
+3 10
+1 8
cob=(3)
cfi=(105) /usr/src/debug/glibc-2.31-150300.26.5.x86_64/libio/vtables.c
cfn=(352) check_stdfiles_vtables
calls=1 +11 
* 13
cob=(4)
cfi=(100)
cfn=(336) 0x00000000000005c0
calls=1 -72 
* 17
* 4
cob=(3)
cfi=(106) /usr/src/debug/glibc-2.31-150300.26.5.x86_64/string/../sysdeps/x86/cacheinfo.c
cfn=(354) init_cacheinfo
calls=1 488 
* 1749
* 3
-1 6
+3 18
-29 3
-5 3

fl=(8) /usr/src/debug/glibc-2.31-150300.26.5.x86_64/elf/../sysdeps/x86/cpu-features.c
fn=(24) get_common_indices.constprop.1
71 4
+4 4
+3 3
+4 1
-4 1
+4 1
-4 1
+3 1
+1 2
+1 4
+1 4
+1 3
+1 2
+7 2
+1 3
+6 1
-6 4
+6 1
+1 7
+7 3
+4 2
+2 4
225 2
+4 3
+1 2
+3 1
-1 1
+9 1
-5 1
+2 1
-2 1
+5 1
+50 3
118 2
+3 3
+3 1
-3 1
+3 1
+8 1
-5 2
+8 2
+2 1
+2 3
+4 2
+4 2
+7 3

fl=(31) /usr/src/debug/glibc-2.31-150300.26.5.x86_64/elf/dl-error-skeleton.c
fn=(166) _dl_receive_error
238 5
+1 1
+1 1
+3 1
+1 1
+2 2
cfi=(2)
cfn=(168) version_check_doit
calls=1 639 
* 2492
+2 1
+1 1
+1 4

fn=(92) _dl_catch_error
225 8
+2 2
-2 1
+2 2
cfn=(96) _dl_catch_exception
calls=1 -52 
* 2292
* 1
+1 2
+1 1
+1 1
-1 1
+1 1
+2 5

fn=(96)
175 15
+3 3
-3 12
+3 3
+21 3
+4 3
+3 3
-3 3
+3 3
-7 3
+1 6
+6 3
cfi=(32) /usr/src/debug/glibc-2.31-150300.26.5.x86_64/setjmp/../sysdeps/x86_64/setjmp.S
cfn=(98) __sigsetjmp
calls=3 32 
* 60
* 9
+2 9
cfi=(47) /usr/src/debug/glibc-2.31-150300.26.5.x86_64/elf/dl-deps.c
cfn=(148) openaux
calls=2 61 
* 4611
cfi=(2)
cfn=(100) map_doit
calls=1 606 
* 2236
+2 3
-1 3
+1 6
-1 3
+1 3
+1 3
+8 9

fl=(40)
fn=(130)
48 16
+3 16
+3 8
-6 96
+6 8
+5 80
+2 56
-7 14

fl=(16) /usr/src/debug/glibc-2.31-150300.26.5.x86_64/string/../sysdeps/x86_64/memcmp.S
fn=(36) bcmp
28 1
+1 1
+1 1
+1 1
+1 1
+1 1
+1 1
+1 1
+3 1
+1 1
+1 1
+1 1
+1 1
+1 1
+1 1
+1 1
+1 1
+2 1
+1 1
+1 1
+1 1
+1 1
+1 1
+1 1
+1 1
+1 1
+2 1
+1 1
+1 1
+1 1
+1 1
+1 1
+39 1
+1 1
+15 1
+1 1

fl=(118) /usr/src/debug/glibc-2.31-150300.26.5.x86_64/elf/../sysdeps/x86_64/dl-trampoline.h
fn=(402) _dl_runtime_resolve
72 2
+3 2
+2 2
+10 2
+6 2
+1 2
+1 2
+1 2
+1 2
+1 2
+1 2
+4 2
+1 2
+3 2
+1 2
+2 2
+1 2
+1 2
+1 2
+1 2
+1 2
+2 2
+7 2
+1 2
+1 2
cfi=(119) /usr/src/debug/glibc-2.31-150300.26.5.x86_64/elf/../elf/dl-runtime.c
cfn=(404) _dl_fixup
calls=2 -60 
* 1204
+1 2
+5 2
+1 2
+1 2
+2 2
+1 2
+1 2
+1 2
+1 2
+1 2
+1 2
+2 2
+2 2
+4 2
+3 2

fl=(12) /usr/src/debug/glibc-2.31-150300.26.5.x86_64/elf/../sysdeps/unix/sysv/linux/x86_64/brk.c
fn=(22) brk
28 2
+3 7
+8 1
-6 2
+7 1

fl=(2)
fn=(52)
801 10
+1 5
+1 5

fn=(86) dso_name_valid_for_suid
167 6
+1 3
+8 2
+1 5

fn=(2)
463 11
66 3
fi=(5) /usr/src/debug/glibc-2.31-150300.26.5.x86_64/elf/../sysdeps/x86_64/dl-machine.h
-7 1
fe=(2)
+7 1
fi=(3) /usr/src/debug/glibc-2.31-150300.26.5.x86_64/elf/get-dynamic-info.h
-18 1
fi=(5)
+11 2
fe=(2)
507 1
fi=(3)
48 1
fe=(2)
504 1
fi=(3)
48 1
+25 2
-3 1
-7 1
+5 1
+3 1
+2 1
-6 1
+3 1
-3 2
-3 20
+10 5
-26 15
+16 14
+10 14
-26 42
+26 1
-26 3
+2 40
+13 24
+2 4
+16 2
+20 4
+1 4
+1 4
+1 4
+2 4
+5 4
+1 4
+1 4
+5 3
+5 2
+7 3
+1 3
+8 5
+3 5
+4 2
+1 2
fe=(2)
518 2
+7 1
66 1
430 1
66 3
430 1
cfi=(6)
cfn=(10)
calls=1 961 
* 25
+1 1
+18 2
-6 1
-12 1
+1 2
+1 2
+1 2
+15 1
cfi=(7) /usr/src/debug/glibc-2.31-150300.26.5.x86_64/elf/../elf/dl-sysdep.c
cfn=(12) _dl_sysdep_start
calls=1 89 
* 182211
+2 1
-2 1
+2 1
+99 9
-27 27
fi=(4) /usr/src/debug/glibc-2.31-150300.26.5.x86_64/elf/do-rel.h
84 1
+27 1
-28 1
+28 2
+1 2
fi=(5)
541 2
fi=(4)
112 462
fi=(5)
541 462
+1 232
fi=(4)
111 232
fi=(5)
542 232
fi=(4)
111 232
fi=(5)
542 232
fi=(4)
111 232
+5 2
+8 1
fi=(5)
333 1
+88 1
fi=(4)
124 2
+12 1
+3 1
-3 1
+3 1
-3 1
fi=(5)
301 1
fi=(4)
137 1
fi=(5)
301 1
fi=(4)
137 1
fi=(5)
301 1
fi=(4)
136 8
+3 8
-3 8
+3 8
-3 8
fi=(5)
301 8
fi=(4)
137 8
fi=(5)
301 8
fi=(4)
137 8
fi=(5)
301 8
+8 90
+3 18
+21 54
fi=(3)
68 4
fi=(4)
+56 28
fi=(5)
353 27
fi=(3)
71 4
+1 1
+1 2
fe=(2)

fn=(168)
639 4
+2 4
cfi=(53) /usr/src/debug/glibc-2.31-150300.26.5.x86_64/elf/dl-version.c
cfn=(170) _dl_check_all_versions
calls=1 362 
* 2480
* 2
+4 2

fn=(32) dl_main
1090 3
+12 1
-12 5
2553 1
1090 4
+12 1
+4 1
-16 1
2538 1
1106 1
+1 1
-17 1
2533 1
1107 1
+5 1
2538 1
1112 1
2531 2
+7 3
-4 1
+4 3
+2 2
cfi=(15) /usr/src/debug/glibc-2.31-150300.26.5.x86_64/elf/dl-environ.c
cfn=(34) _dl_next_ld_env_entry
calls=1 28 
* 754
* 2
cfi=(15)
cfn=(34)
calls=1 28 
* 8
* 6
+4 3
-2 1
+2 16
+1 7
-1 21
+3 2
+6 6
+21 2
+7 4
cfi=(16)
cfn=(36)
calls=1 28 
* 36
* 2
+2 3
2702 3
+32 3
1122 4
1328 7
cfi=(17)
cfn=(38)
calls=1 59 
* 287
+2 1
-2 1
+2 1
+1 1
+1 1
+5 2
-5 1
+1 3
+4 1
cfi=(17)
cfn=(50)
calls=1 31 
* 39
+1 2
1099 1
1367 1
-3 1
-5 1
+1 1
+2 1
+5 5
+56 2
1096 1
1386 1
+22 1
+15 2
-55 24
-1 27
+1 47
1476 3
+3 2
+2 2
+2 2
+13 3
+3 2
-2 1
+2 1
-2 4
cfi=(21)
cfn=(56)
calls=1 144 
* 49
* 2
+10 1
-3 1
-2 1
+3 1
+2 2
+1 2
+4 2
+2 2
fi=(3)
33 1
+9 2
+6 1
-2 1
+2 2
+15 1
+5 1
+3 1
+2 1
-3 1
-3 1
-3 1
-14 48
+13 16
+1 12
+10 3
-26 9
+16 20
+10 20
-26 60
+26 1
-26 3
+33 3
+37 3
+5 2
+7 2
+1 3
+18 3
+14 3
+20 2
fe=(2)
1519 2
cfi=(6)
cfn=(10)
calls=1 961 
* 25
+3 2
fi=(22) /usr/src/debug/glibc-2.31-150300.26.5.x86_64/elf/./setup-vdso.h
24 2
fi=(23) /usr/src/debug/glibc-2.31-150300.26.5.x86_64/elf/../sysdeps/unix/sysv/linux/dl-vdso.h
+17 1
fi=(24) /usr/src/debug/glibc-2.31-150300.26.5.x86_64/elf/../sysdeps/unix/sysv/linux/dl-vdso-setup.h
-11 1
fi=(23)
+11 2
fi=(24)
-8 1
fi=(23)
+8 2
fi=(24)
-5 1
fi=(23)
+5 2
fi=(24)
-2 1
fi=(23)
+2 1
fi=(24)
+4 1
fe=(2)
1547 2
cfi=(11)
cfn=(66)
calls=1 46 
* 97
* 8
fi=(23)
40 1
+1 3
-1 1
+1 1
fe=(2)
1463 2
+1 2
+1 1
-6 2
+1 1
-88 3
+1 1
+50 2
-1 2
+1 4
-1 2
+2 4
+1 1
+3 2
+1 2
-1 2
+1 2
+1 2
+1 6
+1 2
-45 2
+9 1
-7 1
-3 1
+10 1
+18 2
-37 3
+1 1
fi=(3)
65 4
+3 4
+3 4
+1 1
+1 3
177 1
fi=(23)
42 3
fe=(2)
1552 2
cfi=(26) /usr/src/debug/glibc-2.31-150300.26.5.x86_64/elf/dl-load.c
cfn=(70) _dl_init_paths
calls=1 681 
* 908
+3 3
cfi=(28) /usr/src/debug/glibc-2.31-150300.26.5.x86_64/elf/dl-debug.c
cfn=(76) _dl_debug_initialize
calls=1 46 
* 19
+7 1
-7 1
+2 1
+5 1
+3 3
+1 1
+3 1
-3 3
+1 2
+3 1
+5 1
-7 1
+7 1
+1 5
+17 2
+1 2
+5 1
-3 3
+2 1
+1 2
+5 2
+1 5
-1 2
fi=(23)
42 2
fe=(2)
1607 2
+1 2
+5 2
+6 3
+1 1
-2 1
1100 1
1620 1
+18 1
cfi=(29) /usr/src/debug/glibc-2.31-150300.26.5.x86_64/elf/../elf/dl-tls.c
cfn=(78) _dl_count_modids
calls=1 108 
* 6
* 1
+8 3
+3 1
+4 3
+5 1
+1 1
cfi=(28)
cfn=(80) _dl_debug_state
calls=1 73 
* 3
+1 1
+4 2
+16 3
+2 1
+2 2
66 1
1688 1
66 2
1688 1
66 1
1688 2
cfn=(82) handle_preload_list
calls=1 858 
* 2652
* 1
73 3
+9 2
1692 2
+15 3
cfi=(46)
cfn=(144)
calls=1 25 
* 10
* 2
+76 1
1681 1
1783 3
66 1
1803 1
66 2
1803 1
66 1
1803 6
cfi=(47)
cfn=(146) _dl_map_object_deps
calls=1 159 
* 6179
73 3
1808 1
82 2
1808 2
+1 7
-1 2
+1 9
-1 6
+4 3
+1 3
+1 1
+2 2
+1 5
-1 4
+1 6
-1 6
+47 2
+2 2
-1 1
-1 2
+2 4
cfi=(31)
cfn=(166)
calls=1 238 
* 2509
+10 1
+1 1
-1 1
+1 1
+1 1
cfn=(174) init_tls
calls=1 699 
* 636
* 1
+2 2
817 1
fi=(152) /usr/src/debug/glibc-2.31-150300.26.5.x86_64/elf/../sysdeps/unix/sysv/linux/dl-osinfo.h
64 2
fe=(2)
819 1
fi=(152)
77 1
fe=(2)
828 1
+7 1
-5 1
1884 2
2114 3
2281 4
+2 1
+7 3
cfi=(29)
cfn=(318) _dl_allocate_tls_init
calls=1 437 
* 147
+3 2
-56 3
+3 1
66 1
2244 1
66 3
2245 10
+2 4
-2 8
+2 4
+5 8
+2 8
+6 4
+2 8
+1 24
cfi=(54) /usr/src/debug/glibc-2.31-150300.26.5.x86_64/elf/dl-reloc.c
cfn=(182) _dl_relocate_object
calls=3 148 
* 109914
+4 10
+1 3
cfi=(29)
cfn=(316) _dl_add_to_slotinfo
calls=1 887 
* 26
* 1
-12 1
+1 1
-3 2
73 3
+1 2
2276 1
74 1
2276 1
+26 3
+2 4
66 1
2317 1
+1 3
66 3
2318 2
cfi=(54)
cfn=(182)
calls=1 148 
* 6111
73 3
+9 2
2328 1
cfi=(7)
cfn=(320) _dl_sysdep_start_cleanup
calls=1 258 
* 3
+4 2
+21 3
cfi=(28)
cfn=(76)
calls=1 46 
* 10
+1 1
-1 1
+2 1
cfi=(28)
cfn=(80)
calls=1 73 
* 3
+1 1
+4 1
cfi=(48)
cfn=(322)
calls=1 319 
* 17
+5 8
2170 1
+13 1
-9 1
-4 1
+10 1
-6 1
+6 1
+3 1
1829 1
+1 1
-1 2
+1 1
+2 1
+2 3
+2 1
-4 1
+4 2
+14 4
+1 2
+1 3
-25 2
-40 13
+1 1
-1 2
+4 3
+1 1
+1 2
+1 2
fi=(23)
42 6
fe=(2)

fn=(82)
858 10
+1 1
-1 3
+5 2
+3 3
cfi=(30) /usr/src/debug/glibc-2.31-150300.26.5.x86_64/string/../sysdeps/x86_64/strcspn.S
cfn=(84) strcspn
calls=1 30 
* 218
* 1
+1 3
+9 1
+4 1
-2 2
+2 1
cfn=(86)
calls=1 167 
* 16
* 2
+1 4
cfn=(88) do_preload
calls=1 768 
* 2348
* 1
-18 2
+21 9
-15 4
cfi=(20)
cfn=(48)
calls=1 136 
* 18
+1 2

fn=(174)
699 2
+6 1
-6 1
+2 2
+4 1
+10 4
cfi=(19)
cfn=(42)
calls=1 92 
* 31
* 1
+11 1
-15 1
+3 1
+6 1
+2 1
-11 1
+15 1
+2 1
-1 1
+1 15
+2 8
+4 1
+2 1
-2 1
-5 8
+9 2
+3 1
cfi=(29)
cfn=(176) _dl_determine_tlsoffset
calls=1 135 
* 68
+7 1
cfi=(29)
cfn=(178) _dl_allocate_tls_storage
calls=1 332 
* 461
+1 1
-1 1
+1 1
+6 1
+3 1
-3 1
+3 6
+3 1
+2 1
+1 3

fn=(54)
807 10
+1 5
+1 5

fn=(100)
606 3
+2 1
-2 1
+3 2
-1 3
+1 3
cfi=(26)
cfn=(102) _dl_map_object
calls=1 1912 
* 2220
* 1
+2 2

fn=(88)
768 6
+12 1
-12 2
+10 1
-4 1
+1 1
+5 4
-10 1
+6 1
+4 1
cfi=(31)
cfn=(92)
calls=1 225 
* 2317
* 1
+1 3
+8 3
+6 5

fl=(53)
fn=(172) _dl_check_map_versions
156 36
+15 12
+2 20
+2 4
+1 4
+2 4
-3 4
+1 4
+2 4
+3 6
-16 2
-8 4
+28 2
-4 2
+4 4
+16 2
37 2
201 2
37 2
201 2
37 10
+1 5
-1 10
+2 21
cfi=(33)
cfn=(104) _dl_name_match_p
calls=7 282 
* 639
* 14
209 6
+5 2
-71 6
+71 4
-71 6
+79 2
-2 2
-2 4
+4 2
-4 14
+4 1
-2 1
-2 2
+4 1
-4 12
57 3
+8 3
-8 6
+8 6
+6 9
+16 3
+1 6
+2 3
+5 18
+14 20
+12 21
+4 7
-30 14
225 12
+3 9
+5 1
-11 1
111 3
+3 12
cfi=(21)
cfn=(56)
calls=3 +30 
* 118
* 16
237 8
+14 6
+3 8
+3 12
+3 8
+4 2
-7 8
+3 6
+4 33
-7 132
+3 101
+8 9
+89 36
-83 12
cfi=(19)
cfn=(42)
calls=3 92 
* 93
* 3
+1 3
-2 3
+2 3
+13 3
+2 3
-5 3
+3 3
+2 3
-2 3
+2 3
+3 8
+4 6
+18 1
-15 3
+2 3
-2 6
+2 6
+2 3
+1 3
-1 6
+1 3
-1 3
+1 3
+1 3
-2 3
+2 6
+1 9
+3 9
+8 6
+10 9
+3 8
+20 35
-14 74
-2 35
+6 35
+1 35
+1 35
-1 105
+1 35
-1 35
+1 35
+1 35
+3 113
-96 2
-86 2
-8 2
+94 3

fn=(170)
362 7
+4 5
-2 2
+4 24
cfn=(172)
calls=4 156 
* 2407
-2 4
+2 16
-2 8
+5 7

fl=(52)
fn=(164)
28 20
+2 2
-2 2
+2 2
+4 38
+1 2
-1 2
+1 4
-1 4
-1 2
+2 2
cfi=(44)
cfn=(138)
calls=2 +79 
* 30
* 30
+4 4
+3 2
-3 4
+1 6
+2 2
-7 8
+4 8
+3 4
-3 8
+1 12
+2 4
+12 36
+2 12
+1 8
-1 6
+1 6
+2 18
+1 12
+58 24
cfi=(44)
cfn=(138)
calls=4 -4 
* 64
* 12
-28 24
-36 12
+61 28
-25 9
-44 12
+69 2
+7 16

fl=(54)
fn=(182)
148 48
+15 4
-15 8
+15 4
+1 20
+6 12
+6 16
+1 8
-19 6
+22 6
+7 4
-32 4
+32 4
+40 4
fi=(5)
76 4
fe=(54)
227 8
fi=(5)
76 10
fe=(54)
255 112
-96 4
fi=(4)
47 1
+11 1
-12 1
+2 1
-1 1
+11 1
fe=(54)
159 12
fi=(4)
47 3
+11 3
-12 3
+2 3
-1 3
+11 3
-11 4
+11 4
-12 4
+2 4
-1 4
+11 4
+26 7
+14 14
-15 14
+3 28
+12 7
+10 12
+10 21
+6 5
-3 10
+3 5
-73 3
-1 3
fi=(5)
491 9
fi=(4)
127 596
+12 218
-3 327
fi=(5)
276 109
fi=(4)
138 109
+1 109
-2 109
-1 109
+1 327
fi=(5)
276 109
+21 218
+4 218
+7 436
fi=(55)
125 276
fi=(5)
308 1711
fi=(4)
138 88
fi=(5)
308 176
fi=(4)
138 88
fi=(5)
308 88
fi=(4)
138 88
fi=(5)
308 176
fi=(4)
138 1
fi=(5)
308 2
fi=(4)
138 1
fi=(5)
308 1
fi=(4)
138 1
fi=(5)
308 1070
cfi=(6)
cfn=(190)
calls=89 841 
* 47691
* 534
+1 276
+24 654
fe=(54)
-75 12
+24 4
+3 8
+17 8
+1 8
cfn=(314) _dl_protect_relro
calls=4 +6 
* 112
+1 32
fi=(5)
131 6
457 364
fi=(4)
124 447
+19 15
+1 3
fi=(5)
308 5
fi=(4)
145 120
+3 80
+4 80
-1 40
-3 40
+1 40
+1 40
-1 80
fi=(5)
308 160
515 40
-1 80
+1 80
+1 40
cob=(3)
cfi=(98) /usr/src/debug/glibc-2.31-150300.26.5.x86_64/string/../sysdeps/x86_64/multiarch/strncase_l.c
cfn=(312) strncasecmp_l
calls=1 31 
* 7
cob=(3)
cfi=(97) /usr/src/debug/glibc-2.31-150300.26.5.x86_64/string/../sysdeps/x86_64/multiarch/strchrnul.c
cfn=(308) strchrnul
calls=1 31 
* 22
cob=(3)
cfi=(95) /usr/src/debug/glibc-2.31-150300.26.5.x86_64/wcsmbs/../sysdeps/x86_64/multiarch/wmemcmp.c
cfn=(304) wmemcmp
calls=1 29 
* 24
cob=(3)
cfi=(94) /usr/src/debug/glibc-2.31-150300.26.5.x86_64/string/../sysdeps/x86_64/multiarch/stpcpy.c
cfn=(300) stpcpy
calls=1 33 
* 21
cob=(3)
cfi=(93) /usr/src/debug/glibc-2.31-150300.26.5.x86_64/string/../sysdeps/x86_64/multiarch/stpncpy.c
cfn=(296) stpncpy
calls=1 31 
* 21
cob=(3)
cfi=(92) /usr/src/debug/glibc-2.31-150300.26.5.x86_64/string/../sysdeps/x86_64/multiarch/strspn.c
cfn=(294) strspn
calls=1 29 
* 8
cob=(3)
cfi=(91) /usr/src/debug/glibc-2.31-150300.26.5.x86_64/wcsmbs/../sysdeps/x86_64/multiarch/wcslen.c
cfn=(290) wcslen
calls=1 29 
* 22
cob=(3)
cfi=(90) /usr/src/debug/glibc-2.31-150300.26.5.x86_64/string/../sysdeps/x86_64/multiarch/memchr.c
cfn=(286) memchr
calls=1 29 
* 22
cob=(3)
cfi=(89) /usr/src/debug/glibc-2.31-150300.26.5.x86_64/string/../sysdeps/x86_64/multiarch/strcasecmp_l.c
cfn=(284) strcasecmp_l
calls=1 31 
* 7
cob=(3)
cfi=(88) /usr/src/debug/glibc-2.31-150300.26.5.x86_64/string/../sysdeps/x86_64/multiarch/memrchr.c
cfn=(280) memrchr
calls=1 29 
* 22
cob=(3)
cfi=(87) /usr/src/debug/glibc-2.31-150300.26.5.x86_64/string/../sysdeps/x86_64/multiarch/strlen.c
cfn=(276) strlen
calls=1 29 
* 22
cob=(3)
cfi=(86) /usr/src/debug/glibc-2.31-150300.26.5.x86_64/string/../sysdeps/x86_64/multiarch/strchr.c
cfn=(274) index
calls=1 61 
* 21
cob=(3)
cfi=(85) /usr/src/debug/glibc-2.31-150300.26.5.x86_64/string/../sysdeps/x86_64/multiarch/strpbrk.c
cfn=(272) strpbrk
calls=1 29 
* 8
cob=(3)
cfi=(84) /usr/src/debug/glibc-2.31-150300.26.5.x86_64/wcsmbs/../sysdeps/x86_64/multiarch/wcscpy.c
cfn=(270) wcscpy
calls=1 43 
* 8
cob=(3)
cfi=(82) /usr/src/debug/glibc-2.31-150300.26.5.x86_64/wcsmbs/../sysdeps/x86_64/multiarch/wmemset.c
cfn=(266) wmemset
calls=2 31 
* 38
cob=(3)
cfi=(81) /usr/src/debug/glibc-2.31-150300.26.5.x86_64/wcsmbs/../sysdeps/x86_64/multiarch/wcsnlen.c
cfn=(264) wcsnlen
calls=1 61 
* 20
cob=(3)
cfi=(80) /usr/src/debug/glibc-2.31-150300.26.5.x86_64/string/../sysdeps/x86_64/multiarch/memcpy.c
cfn=(260) memcpy@@GLIBC_2.14
calls=1 29 
* 25
cob=(3)
cfi=(79) /usr/src/debug/glibc-2.31-150300.26.5.x86_64/string/../sysdeps/x86_64/multiarch/strcpy.c
cfn=(256) strcpy
calls=1 29 
* 21
cob=(3)
cfi=(78) /usr/src/debug/glibc-2.31-150300.26.5.x86_64/string/../sysdeps/x86_64/multiarch/strncase.c
cfn=(254) strncasecmp
calls=1 31 
* 7
cob=(3)
cfi=(77) /usr/src/debug/glibc-2.31-150300.26.5.x86_64/string/../sysdeps/x86_64/multiarch/strcspn.c
cfn=(252) strcspn
calls=1 29 
* 8
cob=(3)
cfi=(76) /usr/src/debug/glibc-2.31-150300.26.5.x86_64/string/../sysdeps/x86_64/multiarch/strnlen.c
cfn=(248) strnlen
calls=2 31 
* 44
cob=(3)
cfi=(75) /usr/src/debug/glibc-2.31-150300.26.5.x86_64/wcsmbs/../sysdeps/x86_64/multiarch/wcschr.c
cfn=(244) wcschr
calls=2 31 
* 44
cob=(3)
cfi=(73) /usr/src/debug/glibc-2.31-150300.26.5.x86_64/string/../sysdeps/x86_64/multiarch/memset.c
cfn=(240) memset
calls=1 29 
* 29
cob=(3)
cfi=(72) /usr/src/debug/glibc-2.31-150300.26.5.x86_64/string/../sysdeps/x86_64/multiarch/strcmp.c
cfn=(238) strcmp
calls=1 66 
* 21
cob=(3)
cfi=(71) /usr/src/debug/glibc-2.31-150300.26.5.x86_64/string/../sysdeps/x86_64/multiarch/strncmp.c
cfn=(236) strncmp
calls=1 67 
* 20
cob=(3)
cfi=(69) /usr/src/debug/glibc-2.31-150300.26.5.x86_64/string/../sysdeps/x86_64/multiarch/memcmp.c
cfn=(232) bcmp
calls=1 29 
* 24
cob=(3)
cfi=(68) /usr/src/debug/glibc-2.31-150300.26.5.x86_64/string/../sysdeps/x86_64/multiarch/mempcpy.c
cfn=(228) mempcpy
calls=1 33 
* 25
cob=(3)
cfi=(67) /usr/src/debug/glibc-2.31-150300.26.5.x86_64/wcsmbs/../sysdeps/x86_64/multiarch/wcscmp.c
cfn=(224) wcscmp
calls=1 30 
* 22
cob=(3)
cfi=(65) /usr/src/debug/glibc-2.31-150300.26.5.x86_64/wcsmbs/../sysdeps/x86_64/multiarch/wmemchr.c
cfn=(220) wmemchr
calls=2 31 
* 44
cob=(3)
cfi=(64) /usr/src/debug/glibc-2.31-150300.26.5.x86_64/string/../sysdeps/x86_64/multiarch/rawmemchr.c
cfn=(216) rawmemchr
calls=1 31 
* 22
cob=(3)
cfi=(62) /usr/src/debug/glibc-2.31-150300.26.5.x86_64/string/../sysdeps/x86_64/multiarch/strrchr.c
cfn=(212) rindex
calls=1 28 
* 22
cob=(3)
cfi=(61) /usr/src/debug/glibc-2.31-150300.26.5.x86_64/string/../sysdeps/x86_64/multiarch/strcat.c
cfn=(208) strcat
calls=1 29 
* 21
cob=(3)
cfi=(60) /usr/src/debug/glibc-2.31-150300.26.5.x86_64/string/../sysdeps/x86_64/multiarch/strcasecmp.c
cfn=(206) strcasecmp
calls=1 31 
* 7
cob=(3)
cfi=(58) /usr/src/debug/glibc-2.31-150300.26.5.x86_64/string/../sysdeps/x86_64/multiarch/strncpy.c
cfn=(202) strncpy
calls=1 29 
* 21
cob=(3)
cfi=(56) /usr/src/debug/glibc-2.31-150300.26.5.x86_64/string/../sysdeps/x86_64/multiarch/memmove.c
cfn=(198) memmove
calls=2 29 
* 50
fi=(4)
144 40
fi=(5)
517 40
fi=(4)
144 83
fe=(54)
255 2
fi=(4)
144 14
fe=(54)
255 30
fi=(5)
429 51
+4 68
+5 17
+9 17
-9 34
+9 34
+50 3
+4 6
cfi=(20)
cfn=(48)
calls=1 136 
* 10
+2 3
+1 1
308 80
+1 240
+3 40
-3 40
+3 40
-4 34
+1 525
+3 420
fi=(4)
129 158
fi=(5)
308 45
fi=(4)
129 3
-68 3
-10 1
-1 2
fi=(5)
552 8
+4 8
+3 12
+1 4
fi=(4)
61 12
+2 16
+11 2
+37 13
fi=(5)
542 3933
fi=(4)
111 3933
fi=(5)
542 3933
fi=(4)
111 3933
fi=(5)
542 3933
fi=(4)
111 3933
fi=(5)
536 3933
fi=(4)
112 7866
fi=(5)
536 7866
+5 7866
fi=(4)
160 2
51 2
-1 2
160 4
+2 24
+9 12
-1 6
+1 6
-1 12
fi=(5)
276 6
fi=(4)
170 18
fi=(5)
276 6
+21 12
+4 12
+7 24
fi=(55)
125 18
fi=(5)
308 204
cfi=(6)
cfn=(190)
calls=6 841 
* 2946
* 42
+1 18
+24 36
fe=(54)
-78 10
fi=(5)
82 2
+4 3
+14 1
-8 1
+8 2
+20 2
+4 4
-2 2
457 24
fi=(4)
160 18
+14 4
fi=(5)
309 10
+3 8
-4 93
fe=(54)
180 3
fi=(5)
308 24
fe=(54)

fn=(314)
309 8
+1 16
+3 4
-3 8
+3 8
+4 8
-8 4
+9 20
cfi=(42)
cfn=(134) mprotect
calls=4 78 
* 20
* 8
+6 8

fl=(20)
fn=(48)
136 13
+6 13
+1 13
+1 8
+1 8
+5 5
+1 5
+1 5
+1 5
+3 5
292 5
+1 5
+1 1
+1 1
+1 1
+1 1
+1 1
+1 1
+1 1
+2 1
+21 4
+1 4
+1 4
+1 4
+1 4
+24 3
+1 3
+1 3
+1 3
+21 3
+1 3
+1 3
+1 3
+1 3
+1 3
+1 3
+1 3
+1 3

fn=(74)
123 8
+1 8
+1 8
+17 8
+1 8
+1 3
+1 3
+5 2
+1 2
+1 2
+1 2
+3 2
292 5
+1 5
+1 5
+1 5
+1 2
+1 2
+33 3
+1 3
+1 3
+1 3
+1 3
+3 2
+1 2
+1 2
+1 2
+1 2
+10 1
+1 1
+1 1
+1 1
+21 1
+1 1
+1 1
+1 1
+1 1
+1 1
+1 1
+1 1
+1 1

fl=(29)
fn=(318)
437 9
+1 1
-1 1
+1 1
+4 1
+6 2
-6 1
+6 1
+12 1
-15 1
-1 2
+21 8
+6 15
+3 1
+1 2
+6 3
+3 1
-2 1
+6 1
-6 1
+2 1
+4 1
-4 2
+3 1
-3 1
+1 1
+2 1
+4 2
+1 4
+2 2
+1 1
+12 2
-12 2
+9 1
+3 2
cfi=(20)
cfn=(74)
calls=1 123 
* 12
* 4
cfi=(44)
cfn=(138)
calls=1 114 
* 33
* 6
-42 2
+52 1
+4 2
+3 9

fn=(316)
887 7
+6 1
+3 2
+5 3
+41 2
+3 3
-1 1
+1 2
+2 5

fn=(178)
332 6
+2 1
+11 1
+1 2
cfi=(19)
cfn=(46)
calls=1 49 
* 82
* 1
+1 3
+8 4
+1 1
+4 297
+19 1
+2 2
cfn=(180) allocate_dtv
calls=1 278 
* 53
+1 2
+3 5

fn=(78)
108 2
+5 2
+1 2

fn=(180)
278 5
+8 1
-8 1
+7 2
+1 2
cfi=(19)
cfn=(42)
calls=1 92 
* 31
* 1
+1 2
+9 1
-6 2
+6 1
+6 4

fn=(158) _dl_next_tls_modid
48 2
+3 4
+48 1
+4 1

fn=(176)
135 2
+6 1
-6 5
+6 2
+3 2
+36 3
+2 4
-2 1
-2 1
-40 1
-1 1
-1 2
+69 2
+3 2
-3 5
+2 2
+10 1
-37 2
+25 1
-25 2
+5 1
-1 1
+5 2
-4 1
-1 2
+3 2
+2 3
-9 5
+93 1
-53 1
+1 1
+52 1
-1 1
+1 4

fl=(32)
fn=(98)
32 3
+9 3
+1 6
+1 3
+4 3
+1 3
+1 3
+1 3
+1 3
+2 6
+2 3
+1 3
+1 3
+2 6
+2 3
+19 3
+1 3

fl=(13)
fn=(28)
79 10
+1 10
+1 10
+1 10
+1 10
+1 10
+1 10
+2 10
+2 10
+31 10
+1 10
+1 10
+1 10
+1 10
+1 4
+2 4
+4 6
+1 6
+1 6
+1 6
+1 6
+1 6
+1 6
+1 6
+1 6
+1 6
+1 6
+1 6
+5 48

fl=(34) /usr/src/debug/glibc-2.31-150300.26.5.x86_64/string/../sysdeps/x86_64/multiarch/../strchr.S
fn=(106) index
24 5
+1 5
+1 5
+1 5
+1 5
+1 5
+1 5
+1 5
+1 5
+1 5
+1 5
+1 5
+1 5
+1 5
+1 5
+1 5
+1 5
+1 3
+4 3
+1 3
+1 3
+1 3
+2 3
+4 2
+1 2
+1 2
+1 2
+1 2
+1 2
+1 2
+1 2
+1 2
+1 2
+1 2
+1 2
+1 2
+1 2
+1 2
+1 2
+1 2
+1 2
+1 2
+1 2
+1 2
+1 2
+1 2
+1 2
+52 2
+4 2
+1 2
+1 2
+1 2
+2 2

fl=(25)
fn=(68)
78 4
+1 1

fl=(14) /usr/src/debug/glibc-2.31-150300.26.5.x86_64/elf/../misc/sbrk.c
fn=(30) sbrk
32 6
+8 6
+4 2
+16 5

fl=(35)
fn=(112)
40 12
+1 2
cfi=(13)
cfn=(28)
calls=2 +38 
* 68
* 2
+1 4
cfi=(19)
cfn=(46)
calls=2 +7 
* 40
* 2
+2 4
+4 2
-1 4
+1 4
-1 4
cfi=(20)
cfn=(48)
calls=2 +89 
* 28

fl=(7)
fn=(12)
89 10
+25 1
-1 1
+1 361
+6 1
-3 1
+1 1
-4 1
+3 1
+3 4
+1 2
-1 12
-29 1
-1 10
+30 2
+1 111
+3 1
-4 78
+62 1
-62 1
+63 1
-1 1
-62 3
+34 1
-34 2
+35 1
-35 2
+46 1
-46 1
+47 1
-1 1
-46 3
+40 1
-40 1
+41 1
-1 1
-40 3
+37 1
-37 2
+38 1
-38 3
+13 1
-13 2
+14 1
-14 2
+10 1
-10 2
+11 1
-11 2
+7 1
-7 4
223 1
cfi=(9)
cfn=(16)
calls=1 +64 
* 49640
fi=(11)
36 2
cfi=(12)
cfn=(22)
calls=1 -8 
* 13
fi=(8)
322 1
-13 1
+1 1
+12 1
+3 1
-14 1
+11 1
+3 5
492 3
+1 1
+3 2
+1 1
+7 1
+5 1
-6 1
+3 1
+3 2
-4 1
+4 1
cfi=(9)
cfn=(26)
calls=1 368 
* 18
+2 4
cfi=(9)
cfn=(26)
calls=1 368 
* 20
* 1
+2 3
-2 1
+2 1
cfi=(9)
cfn=(26)
calls=1 368 
* 20
* 1
+2 3
-2 1
+2 1
cfi=(9)
cfn=(26)
calls=1 368 
* 20
+12 1
-12 1
+11 1
-11 1
+12 1
fe=(7)
235 1
cfi=(13)
cfn=(28)
calls=1 79 
* 16
* 1
+2 2
cfi=(14)
cfn=(30)
calls=1 32 
* 19
* 3
+12 3
+3 5
cfi=(2)
cfn=(32)
calls=1 1090 
* 131521
+1 1
+1 8
fi=(8)
531 3
+28 2
-9 3
+2 4
+1 2
+2 4
+1 2
331 6
cfn=(24)
calls=1 71 
* 99
49 3
+1 1
-1 1
+1 1
+1 2
+5 1
-5 4
+5 1
+1 2
+5 1
-5 4
+5 1
+1 6
336 5
+87 2
+2 1
-96 2
429 5
+12 1
-12 1
+12 1
+2 3
338 2
+1 1
-1 1
+1 6
+37 3
+14 2
+10 5
+14 3
-14 2
fe=(7)

fn=(320)
258 2
+1 1

fl=(15)
fn=(34)
28 4
+1 2
+3 7
+13 116
-13 348
+2 234
+1 46
+5 1
-3 1
+3 1
+2 1
+7 1

fl=(33)
fn=(152)
44 4
+3 1
-3 3
+3 1
-3 3
+3 1
cfi=(36)
cfn=(116)
calls=1 -13 
* 18
+1 2
+2 5
cfi=(39)
cfn=(128)
calls=1 -17 
* 12
* 2
+2 1
+3 1
-3 1
+3 1
+13 2
cfi=(45) /usr/src/debug/glibc-2.31-150300.26.5.x86_64/io/../sysdeps/unix/sysv/linux/close_nocancel.c
cfn=(142) __GI___close_nocancel
calls=1 -43 
* 7
+3 7
-14 6
cfi=(40)
cfn=(130)
calls=1 -9 
* 37
* 2

fn=(104)
282 98
+1 28
cfi=(21)
cfn=(56)
calls=14 144 
* 408
* 14
+1 14
-1 14
+3 14
+2 28
+6 11
+1 55
-3 15
-4 30
+1 54
cfi=(21)
cfn=(56)
calls=18 144 
* 580
* 36
+6 3
-11 3
+11 12

fl=(26)
fn=(114) open_verify.constprop.7
1466 26
+39 2
-39 2
+39 4
+31 8
cfi=(36)
cfn=(116)
calls=2 34 
* 36
+2 2
-2 2
+2 4
+11 2
+1 4
+5 14
cfi=(37) /usr/src/debug/glibc-2.31-150300.26.5.x86_64/io/../sysdeps/unix/sysv/linux/read_nocancel.c
cfn=(118) __read_nocancel
calls=2 25 
* 14
+2 4
+2 2
+2 2
-2 4
+2 2
+6 4
+16 18
1746 4
cob=(2)
cfi=(18)
cfn=(120) 0x0000000004002120
calls=2 0 
* 14
* 2
1583 14
+59 4
+5 4
+2 8
+6 4
+6 2
+1 2
-1 6
+1 2
-1 2
+1 4
+1 4
+20 8
1543 4
1683 72
+1 32
+1 8
+4 8
+17 4
+8 18
+15 2
+6 3
-3 1
+1 1
+3 1
-3 2
+1 1
-1 1
-1 1
+4 2
+14 18
1583 2
1717 18
+3 2
-4 2
+4 4
+5 1
+1 2
-36 8

fn=(70)
681 3
+13 3
-13 5
+13 1
-13 1
+13 1
cfi=(27) /usr/src/debug/glibc-2.31-150300.26.5.x86_64/elf/dl-hwcaps.c
cfn=(72) _dl_important_hwcaps
calls=1 39 
* 715
+5 1
-5 1
+5 1
cfi=(19)
cfn=(46)
calls=1 49 
* 20
* 1
+1 1
-2 1
+2 1
+8 2
-1 1
+1 1
-1 3
+4 4
cfi=(19)
cfn=(46)
calls=1 49 
* 20
* 1
+2 1
-2 1
+2 1
+17 1
+3 1
+9 1
-3 1
-20 1
+1 1
+10 1
+1 1
+2 1
+1 1
+5 3
+1 1
-1 3
+1 7
-1 21
+3 2
-9 1
-5 1
+2 1
+1 1
+2 1
+1 1
+5 2
+1 1
-1 3
+1 7
-1 21
+14 1
-11 1
+6 1
+1 1
+5 2
+2 4
+2 3
+38 2
+31 1
+1 7
-51 1
-2 2
+2 2
+14 2

fn=(124) _dl_map_object_from_fd
866 26
+10 2
-10 2
+10 2
-10 4
+10 2
cfi=(28)
cfn=(76)
calls=2 46 
* 20
* 2
+7 8
+61 8
+10 4
+7 8
+33 4
877 2
997 14
cfi=(17)
cfn=(38)
calls=2 59 
* 774
+1 2
-1 2
+1 2
+11 2
+5 2
-5 2
+1 4
+1 2
+2 2
-2 2
+2 4
+1 6
+1 4
+19 2
-2 2
+2 24
+8 2
-8 6
+8 12
+84 2
-60 2
-30 2
-1 2
-5 2
+96 2
+6 2
-66 2
+14 2
+52 6
-89 32
-1 45
+1 95
+6 4
+5 2
-12 2
+12 2
+1 4
-13 2
+13 2
-13 2
1157 4
1010 2
1170 2
1010 2
1170 2
+10 6
fi=(41) /usr/src/debug/glibc-2.31-150300.26.5.x86_64/elf/./dl-map-segments.h
56 4
fe=(26)
1180 6
fi=(41)
56 2
fe=(26)
1180 6
fi=(41)
56 2
-6 2
+6 4
-6 2
+6 2
cfi=(40)
cfn=(130)
calls=2 -8 
* 78
+4 2
-4 2
+4 2
+3 4
+1 2
+2 2
-2 2
-1 2
+3 2
+14 4
fi=(43) /usr/src/debug/glibc-2.31-150300.26.5.x86_64/elf/./dl-load.h
+10 8
+3 8
fi=(41)
+11 16
+6 2
+2 2
-2 2
+1 2
+2 2
-1 2
+1 2
-1 6
+8 4
+3 4
+8 12
cfi=(44)
cfn=(138)
calls=2 -17 
* 221
* 2
+6 4
+12 4
-59 20
+2 12
+2 16
cfi=(40)
cfn=(130)
calls=2 -46 
* 70
* 4
fe=(26)
1060 2
+1 1
+5 12
+5 32
+10 4
-1 8
-1 4
+5 12
-3 4
+2 4
-3 4
+1 4
+1 4
+1 4
+1 4
-3 4
+7 4
-7 4
+7 4
+1 8
+5 4
-1 2
-14 2
+14 2
+1 14
+10 2
-10 4
-1 2
-14 2
+14 2
+1 14
+10 2
+3 3
+4 1
+1 1
+1 1
-1 2
+1 1
+4 1
+3 1
-3 1
+8 4
+19 4
+1 4
+1 2
-6 4
+1 2
+51 8
+9 4
fi=(3)
42 2
fe=(26)
1201 2
fi=(3)
42 2
+6 2
-2 2
+2 4
+15 2
+5 2
+3 2
+2 2
-3 2
-3 2
-3 40
+10 9
-26 27
+16 33
+10 33
-26 99
+26 2
-26 6
+2 88
+13 44
+2 8
fe=(26)
1116 4
fi=(38) /usr/src/debug/glibc-2.31-150300.26.5.x86_64/elf/../sysdeps/posix/dl-fileid.h
37 8
cfi=(39)
cfn=(128)
calls=2 -4 
* 24
* 4
fe=(26)
901 2
fi=(38)
40 2
+1 2
fe=(26)
901 4
fi=(38)
40 2
+1 2
fe=(26)
901 23
+1 10
fi=(38)
49 12
fe=(26)
1417 18
920 4
fi=(43)
91 8
fi=(41)
-18 20
cfi=(42)
cfn=(134)
calls=2 +5 
* 10
* 4
fe=(26)
1208 4
+2 4
+19 6
+19 4
+2 10
+48 6
+1 2
+3 2
cfi=(45)
cfn=(142)
calls=1 25 
* 7
* 2
cfi=(45)
cfn=(142)
calls=1 25 
* 7
* 4
+9 4
+2 6
+2 2
-2 2
+2 2
+16 4
cfi=(6)
cfn=(10)
calls=2 961 
* 50
+4 4
+1 4
+17 4
+1 1
+8 1
-5 2
+5 2
-5 2
+5 1
+10 4
+9 4
+1 4
+5 1
cfi=(29)
cfn=(158)
calls=1 48 
* 8
* 1
+7 3
cfi=(17)
cfn=(50)
calls=1 31 
* 49
* 3
cfi=(17)
cfn=(50)
calls=1 31 
* 45
+4 6
fi=(3)
81 4
+20 8
+1 8
+1 8
+1 8
+2 8
+5 7
+1 7
+1 8
+5 6
+5 2
+7 4
+1 6
+18 6
+5 1
+2 1
-2 1
+2 1
+2 2
+2 2
+3 6
+2 2
+1 2
-1 4
+1 2
+9 6
+5 4
+3 4
68 8
+3 8
+1 2
+1 6
fi=(43)
+21 4
+2 1
-1 3
+1 1
-1 1
+1 2
-1 2
+3 4
fi=(3)
+83 3
-20 2
fi=(41)
-20 8
cfi=(40)
cfn=(130)
calls=1 -93 
* 35
+3 2
fe=(26)

fn=(102)
1912 27
+8 3
-8 6
+8 3
+1 12
+3 42
+5 49
+2 21
cfi=(33)
cfn=(104)
calls=7 282 
* 778
* 14
+4 12
+1 18
+3 2
+1 2
+1 2
-1 2
+1 6
cfi=(21)
cfn=(56)
calls=2 144 
* 48
* 4
2220 27
1954 12
+10 6
-50 2
+86 4
-2 2
+2 2
cfi=(34)
cfn=(106)
calls=2 24 
* 46
* 4
2151 5
cfn=(108) expand_dynamic_string_token
calls=1 378 
* 178
+1 1
-3 1
+3 2
+4 7
cfn=(114)
calls=1 1466 
* 224
+3 1
-3 1
+3 1
+12 4
+46 1
+1 3
-1 1
+1 9
cfn=(124)
calls=1 866 
* 1410
-1 1
+1 3
-1 1
+1 9
cfn=(124)
calls=1 866 
* 1645
* 6
2000 1
+4 2
cfi=(13)
cfn=(28)
calls=1 79 
* 16
* 1
+2 1
-2 1
+2 1
+7 4
659 3
2143 2
+28 5
+2 2
-95 1
-14 1
+14 1
+2 3
+4 2
cfi=(48)
cfn=(150)
calls=1 184 
* 1782
+2 1
-2 1
+2 1
+4 2
+8 3
+23 8
cfn=(114)
calls=1 1466 
* 234
+4 1
-4 1
+4 2
+1 2
-88 8
659 3
2048 2
-31 1
+1 2
-1 3
+8 7
-3 3
659 3
2023 2
+14 2
+18 2

fn=(108)
378 7
+10 1
-10 2
+10 1
cfn=(110) _dl_dst_count
calls=1 231 
* 66
+3 2
+12 1
-11 1
+11 4
-11 1
cfi=(35)
cfn=(112)
calls=1 40 
* 92

fn=(110)
231 12
+3 3
-3 6
+7 3
-7 3
+3 3
cfi=(34)
cfn=(106)
calls=3 24 
* 117
+3 6
+20 21

fl=(42)
fn=(134)
78 24
+1 6

fn=(324)
78 4
+1 1

fl=(30)
fn=(84)
30 1
+7 1
+1 1
+2 1
+1 1
+1 1
+1 1
+1 33
+3 2
+7 1
+1 1
+1 1
+1 1
+2 1
+1 1
+1 1
+1 1
+2 1
+1 1
+1 1
+9 3
+12 1
+2 1
+1 1
+1 1
-4 11
+2 11
+1 11
+1 11
+2 12
+1 12
+1 12
+2 12
+1 12
+1 12
+2 12
+1 12
+1 12
+2 1
+1 1
+1 1
+2 1
+7 1
+4 1

fl=(47)
fn=(148)
61 8
+7 2
-4 6
+1 2
-1 2
+1 2
-1 10
cfi=(26)
cfn=(102)
calls=2 1912 
* 4573
* 2
+5 4

fn=(146)
159 2
+1 1
-1 1
+1 1
-1 4
+1 1
-1 2
+1 1
-1 2
+1 1
-1 2
+1 8
-15 1
+15 2
-14 1
+14 1
-16 1
+8 1
-7 1
+1 1
+6 3
+24 1
-24 1
+24 2
-28 2
-2 1
+31 1
-33 3
+2 2
-1 1
+1 2
+6 3
+24 1
-24 1
+24 6
+4 1
fi=(50) /usr/src/debug/glibc-2.31-150300.26.5.x86_64/elf/../include/scratch_buffer.h
78 1
fe=(47)
200 2
-20 1
fi=(50)
77 4
fe=(47)
198 1
+2 1
-2 1
303 2
-90 1
-4 1
+4 1
-4 1
+4 4
-4 3
+4 3
-4 3
+4 3
+11 8
+2 2
+11 2
-5 2
-6 4
+5 2
+2 4
+1 4
+3 8
-31 2
+31 2
+66 6
-65 100
+6 8
cfi=(26)
cfn=(110)
calls=2 -13 
* 108
* 6
+4 6
-2 2
+2 2
cfi=(31)
cfn=(96)
calls=2 -73 
* 4723
* 2
+1 4
+9 2
+2 4
+5 8
+6 2
+2 2
-8 6
+3 2
+1 2
+1 2
+1 2
+4 10
+4 4
+1 4
-43 200
433 8
+2 6
+3 4
-1 2
cfi=(19)
cfn=(46)
calls=2 49 
* 40
* 2
+2 2
-2 2
+2 2
+7 8
-1 2
+1 2
cfi=(20)
cfn=(48)
calls=2 136 
* 20
+1 12
cfi=(20)
cfn=(48)
calls=2 136 
* 20
+4 2
-1 2
+5 25
244 4
+38 144
fi=(50)
85 5
fe=(47)
464 6
+4 5
+11 3
-1 1
cfi=(19)
cfn=(46)
calls=1 49 
* 20
* 1
+3 1
-3 1
+3 1
+5 1
+3 2
-3 4
+1 2
+4 12
+4 16
+4 4
-10 12
+13 2
+51 3
+2 1
-1 1
+1 3
+35 6
cfi=(20)
cfn=(48)
calls=1 136 
* 10
+4 5
cfi=(52)
cfn=(164)
calls=1 28 
* 241
+3 1
+2 1
+1 1
-1 1
+2 3
+7 3
+3 2
+3 8
224 8
-18 4
458 9
-1 4
+1 9
199 2
465 2
214 25
fi=(50)
-83 2
fe=(47)
+86 2
fi=(50)
-86 4
cfi=(51) /usr/src/debug/glibc-2.31-150300.26.5.x86_64/malloc/scratch_buffer_set_array_size.c
cfn=(162) __libc_scratch_buffer_set_array_size
calls=2 30 
* 40
fe=(47)
+86 4
+4 4
577 6

fl=(51)
fn=(162)
30 4
+4 2
-4 4
+4 2
-3 2
-1 2
+4 2
-4 2
+1 2
+4 4
+10 2
+1 2
-1 2
+18 8

fl=(119)
fn=(404)
66 8
+6 4
-6 2
+3 4
+3 6
-4 2
+5 2
+2 2
-2 10
+2 2
-2 2
+2 2
+5 4
+4 4
+4 2
+7 2
-7 4
+4 4
+1 8
+2 8
+7 4
-1 2
+1 2
+10 18
cfi=(6)
cfn=(190)
calls=2 841 
* 1042
* 2
+4 10
+10 18
+15 2
-8 2
+8 6
+4 6
fi=(5)
+97 2
fe=(119)
-93 6

fl=(28)
fn=(80)
73 4
+1 2

fn=(76)
46 8
+3 8
+5 6
+5 2
-1 1
+1 2
+1 2
-1 1
+5 1
-14 4
+4 8
+4 1
-1 1
+1 4

fl=(37)
fn=(118)
25 4
+1 8
+1 2

fl=(27)
fn=(72)
39 6
+1 1
-1 8
+1 4
-1 1
+1 1
cfi=(9)
cfn=(26)
calls=1 368 
* 20
* 1
+2 1
+1 3
-1 1
+9 1
-11 1
+11 5
+1 7
+1 1
-1 1
-1 12
+10 3
173 3
+2 1
+1 5
+4 1
+4 1
-4 1
+1 1
+3 2
+3 6
+4 5
+1 1
-1 3
+1 1
+18 11
+1 4
cfi=(19)
cfn=(46)
calls=1 49 
* 20
* 1
+1 1
-1 1
+1 3
+26 10
+3 5
+7 1
+10 14
-4 2
-3 1
+3 1
cfi=(20)
cfn=(74)
calls=1 123 
* 16
* 2
-3 1
+3 1
cfi=(20)
cfn=(74)
calls=1 123 
* 16
* 6
+3 7
+1 12
+1 4
cfi=(20)
cfn=(74)
calls=1 123 
* 14
-2 1
+2 2
-2 1
+5 6
cfi=(20)
cfn=(74)
calls=2 123 
* 28
+2 2
-2 4
+2 4
-7 4
+12 1
+1 2
-1 9
+1 14
-1 16
+5 7
+3 1
-3 1
+3 2
-3 1
+3 1
-3 4
+3 2
-3 2
+3 4
-3 2
+3 2
+1 36
+1 12
-1 12
+1 24
-2 12
+1 24
-1 39
+4 6
+3 1
+2 2
-1 1
-1 2
+2 3
-1 1
+1 2
+3 2
+3 1
-3 1
-3 2
+2 6
+3 1
+1 1
-1 1
-5 5
+13 8
+1 1
-1 2
+3 2
-3 3
+1 3
-1 6
+3 6
+3 3
+3 9
128 2
+1 1
+36 7
+1 7
fi=(153) /usr/src/debug/glibc-2.31-150300.26.5.x86_64/elf/../sysdeps/x86/dl-hwcap.h
57 7
fe=(27)
168 1
+1 1
cfi=(13)
cfn=(28)
calls=1 -90 
* 16
+1 1
-1 1
+1 2
-5 2
+5 1
-5 1
+5 1
-5 4
+8 7
+21 4
+2 3
-1 1
+1 1
-1 1
+2 2
-69 12
+76 3

fl=(45)
fn=(142)
25 6
+1 12
+1 3

ob=(3)
fl=(72)
fn=(238)
66 2
-24 4
-1 2
+4 3
-1 2
+6 3
+3 4
+13 1

fl=(61)
fn=(208)
29 2
fi=(59) /usr/src/debug/glibc-2.31-150300.26.5.x86_64/string/../sysdeps/x86_64/multiarch/ifunc-strcpy.h
+8 4
-1 2
+4 1
-1 1
+1 1
-1 2
+4 3
+3 4
fe=(61)
-17 1

fl=(130) /usr/src/debug/glibc-2.31-150300.26.5.x86_64/io/../sysdeps/unix/sysv/linux/wordsize-64/fxstat.c
fn=(438) _fxstat
33 2
+1 1
-1 1
+1 1
+1 6
+4 1

fl=(129) /usr/src/debug/glibc-2.31-150300.26.5.x86_64/libio/filedoalloc.c
fn=(434) _IO_file_doallocate
78 10
+6 4
fi=(142) /usr/src/debug/glibc-2.31-150300.26.5.x86_64/libio/libioP.h
940 3
+2 2
+1 2
fe=(129)
84 3
cfi=(127) /usr/src/debug/glibc-2.31-150300.26.5.x86_64/libio/fileops.c
cfn=(436) _IO_file_stat
calls=1 1147 
* 18
* 2
+2 4
+11 4
+4 2
cob=(2)
cfi=(18)
cfn=(440) 0x0000000004c63ad8
calls=1 0 
* 71945
* 1
+2 1
-1 2
+2 4
cfi=(128) /usr/src/debug/glibc-2.31-150300.26.5.x86_64/libio/genops.c
cfn=(472) _IO_setb
calls=1 329 
* 20
+1 1
+1 8
-15 1
fi=(154) /usr/src/debug/glibc-2.31-150300.26.5.x86_64/libio/../include/sys/sysmacros.h
-44 6
fe=(129)
+44 1
-2 2
+5 2

fl=(98)
fn=(312)
31 2
fi=(155) /usr/src/debug/glibc-2.31-150300.26.5.x86_64/string/../sysdeps/x86_64/multiarch/ifunc-strcasecmp.h
+1 4
fe=(98)
-1 1

fl=(68)
fn=(228)
33 2
fi=(57) /usr/src/debug/glibc-2.31-150300.26.5.x86_64/string/../sysdeps/x86_64/multiarch/ifunc-memmove.h
+20 1
-1 1
+1 1
-1 2
+5 2
-1 2
+14 2
+2 3
+8 2
+8 2
+2 5
fe=(68)

fl=(109) /usr/src/debug/glibc-2.31-150300.26.5.x86_64/csu/../csu/libc-start.c
fn=(366) (below main)
137 12
+4 1
-4 2
+4 2
+96 1
-96 1
+96 1
+1 4
cfi=(110) /usr/src/debug/glibc-2.31-150300.26.5.x86_64/stdlib/cxa_atexit.c
cfn=(368) __cxa_atexit
calls=1 69 
* 75
+22 4
+3 2
+1 5
cob=(5)
cfi=(112) /home/abuild/rpmbuild/BUILD/glibc-2.31/csu/elf-init.c
cfn=(376) __libc_csu_init
calls=1 68 
* 58
+4 4
+15 2
+12 2
cfi=(114) /usr/src/debug/glibc-2.31-150300.26.5.x86_64/setjmp/../sysdeps/x86_64/bsd-_setjmp.S
cfn=(388) _setjmp
calls=1 30 
* 31
+1 2
+5 2
+1 2
+3 2
+3 6
cob=(5)
cfi=(117) /home2/users/alumnes/1289393/dades/Documents/COM-Labs/s5-debug/files/fib.c
cfn=(394) main
calls=1 9 
* 50205212
+34 2
cfi=(144) /usr/src/debug/glibc-2.31-150300.26.5.x86_64/stdlib/exit.c
cfn=(494) exit
calls=1 138 
* 1274

fl=(71)
fn=(236)
67 2
-25 4
-1 2
+4 3
-1 2
+6 3
+3 3
+14 1

fl=(132) /usr/src/debug/glibc-2.31-150300.26.5.x86_64/malloc/hooks.c
fn=(444) malloc_hook_ini
29 2
+1 2
fi=(133) /usr/src/debug/glibc-2.31-150300.26.5.x86_64/malloc/arena.c
291 3
fe=(132)
29 3
cfi=(133)
cfn=(446) ptmalloc_init.part.0
calls=1 289 
* 71181
* 1
+4 1
-1 1
cfi=(131) /usr/src/debug/glibc-2.31-150300.26.5.x86_64/malloc/malloc.c
cfn=(443) malloc'2
calls=1 3023 
* 736

fl=(69)
fn=(232)
29 2
fi=(70) /usr/src/debug/glibc-2.31-150300.26.5.x86_64/string/../sysdeps/x86_64/multiarch/ifunc-memcmp.h
+5 5
+1 2
+1 3
+3 2
-1 3
+4 3
+3 3
fe=(69)
-16 1

fl=(134) /usr/src/debug/glibc-2.31-150300.26.5.x86_64/elf/dl-addr.c
fn=(448) _dl_addr
126 11
+2 1
-2 1
+5 1
-5 1
+5 2
cob=(1)
cfi=(2)
cfn=(52)
calls=1 801 
* 4
+2 2
cob=(1)
cfi=(135)
cfn=(452)
calls=1 +68 
* 45
* 1
+2 3
30 1
+1 1
-1 1
+1 1
+3 2
+5 1
+6 1
-7 1
+2 3
+2 3
+3 1
+4 5
-5 4
+5 4043
+2 1010
+1 2020
-1 1
+1 2
+2 2757
+6 2757
+1 5514
-1 4317
+1 8634
+3 9308
+1 14980
+5 7889
+30 2
+1 1
+1 3
+3 2
+36 2
cob=(1)
cfi=(2)
cfn=(54)
calls=1 807 
* 4
+3 9
-79 2016
-2 4716
+7 104
+47 1
+1 1
+20 2

fl=(116) /usr/src/debug/glibc-2.31-150300.26.5.x86_64/setjmp/sigjmp.c
fn=(392) __sigjmp_save
28 2
+2 1
-2 2
+2 1
-1 1
+5 3

fl=(75)
fn=(244)
31 4
fi=(66) /usr/src/debug/glibc-2.31-150300.26.5.x86_64/wcsmbs/../sysdeps/x86_64/multiarch/ifunc-avx2.h
+2 4
-1 2
+1 4
-1 4
+4 6
-1 4
+5 6
+3 8
fe=(75)
-12 2

fl=(120) /usr/src/debug/glibc-2.31-150300.26.5.x86_64/stdlib/../stdlib/strtol.c
fn=(408) strtol
105 2
+1 4
cfi=(121) /usr/src/debug/glibc-2.31-150300.26.5.x86_64/stdlib/../stdlib/strtol_l.c
cfn=(410) ____strtol_l_internal
calls=1 226 
* 116

fl=(102) /usr/src/debug/glibc-2.31-150300.26.5.x86_64/misc/init-misc.c
fn=(344) __init_misc
30 2
+1 2
-1 3
+1 4
+2 3
cfi=(103) /usr/src/debug/glibc-2.31-150300.26.5.x86_64/string/../sysdeps/x86_64/multiarch/strrchr-avx2.S
cfn=(348) __strrchr_avx2
calls=1 +14 
* 27
* 1
+1 2
+3 3
+1 3
+2 4

fl=(97)
fn=(308)
31 2
fi=(63) /usr/src/debug/glibc-2.31-150300.26.5.x86_64/string/../sysdeps/x86_64/multiarch/ifunc-avx2.h
+2 2
-1 1
+1 2
-1 2
+4 3
-1 2
+5 3
+3 4
fe=(97)
-12 1

fl=(128)
fn=(472)
329 5
+1 4
+3 1
+2 4
-3 1
+3 2
+3 3

fn=(544) _IO_flush_all
686 9
+5 1
-5 3
+5 2
+1 6
fi=(150) /usr/src/debug/glibc-2.31-150300.26.5.x86_64/libio/../sysdeps/unix/sysv/linux/x86/lowlevellock.h
47 2
fe=(128)
692 2
+3 1
-8 1
+5 1
+3 1
-3 1
+3 1
fi=(142)
940 2
fe=(128)
698 1
fi=(142)
940 2
fe=(128)
708 39
-13 3
+14 3
-14 6
+3 3
-1 3
+1 24
fi=(150)
47 6
fe=(128)
698 9
+2 22
+13 9
+1 2
+4 12
-27 4

fn=(432) _IO_doallocbuf
343 2
+1 2
-1 3
+3 4
+4 4
-3 1
fi=(142)
940 3
+2 2
+1 2
fe=(128)
347 2
cfi=(129)
cfn=(434)
calls=1 78 
* 72048
* 2

fn=(542) _IO_cleanup
842 12
+1 1
cfn=(544)
calls=1 686 
* 181
-67 1
+67 1
-67 2
+1 6
fi=(150)
47 2
fe=(128)
777 2
+3 1
-3 1
+3 1
-3 1
+3 1
fi=(142)
940 2
fe=(128)
785 1
fi=(142)
940 2
fe=(128)
785 1
-1 1
+1 5
-1 2
+1 21
fi=(150)
47 3
fe=(128)
785 3
fi=(150)
47 3
fe=(128)
785 12
+7 6
+2 6
+2 4
+9 1
fi=(142)
942 2
+1 2
fe=(128)
805 4
cfi=(127)
cfn=(554) _IO_file_setbuf@@GLIBC_2.2.5
calls=1 382 
* 89
+2 4
+9 1
-2 1
+2 3
-2 2
+2 35
-36 3
+37 3
-37 7
+41 9
+1 2
+33 12
-55 1
-2 1
+3 1
-3 1
+2 1
+2 3
-26 4

fn=(556) _IO_default_setbuf
452 4
fi=(142)
940 1
fe=(128)
452 3
fi=(142)
940 1
fe=(128)
452 3
+1 1
fi=(142)
940 1
+2 2
+1 2
fe=(128)
453 2
cfi=(127)
cfn=(558) _IO_file_sync@@GLIBC_2.2.5
calls=1 793 
* 19
* 3
+2 2
+7 1
-7 1
+10 2
+2 1
-2 1
+1 3
+2 6
-11 1
330 1
458 1
-1 1
+1 1
330 3
+7 1
-5 1
+1 1
+4 2

fn=(476) _IO_default_xsputn
371 2
+3 2
-3 5
fi=(142)
940 1
fe=(128)
371 1
fi=(142)
940 1
fe=(128)
371 5
fi=(142)
940 2
fe=(128)
399 32
fi=(142)
942 20
+1 20
fe=(128)
399 40
cfi=(127)
cfn=(430) _IO_file_overflow@@GLIBC_2.2.5
calls=10 732 
* 350
* 20
+2 10
-2 10
-20 44
+25 1
-29 1
+29 7

fl=(95)
fn=(304)
29 2
fi=(96) /usr/src/debug/glibc-2.31-150300.26.5.x86_64/wcsmbs/../sysdeps/x86_64/multiarch/ifunc-memcmp.h
+5 5
+1 2
+1 3
+3 2
-1 3
+4 3
+3 3
fe=(95)
-16 1

fl=(131)
fn=(442) malloc
3023 2
+8 1
-8 3
+8 1
+1 2
+1 1
+49 3
-49 1
cfi=(132)
cfn=(444)
calls=1 29 
* 71930

fn=(443)
3023 2
+8 1
-8 3
+8 1
+1 2
1208 2
+2 4
3044 5
+12 3
+2 3
cfn=(462) _int_malloc
calls=1 3513 
* 163
+1 1
-1 1
+1 6
+23 5
1210 4
2978 4
cfn=(458) tcache_init.part.5
calls=1 -6 
* 516
+69 2
+1 5
+1 3

fn=(454) malloc_init_state
1790 6
+8 3
-3 2
+3 378
-3 252
+7 3
+5 1
+2 1
+1 1
-4 2

fn=(462)
3513 4
1208 4
3513 2
1210 2
3513 16
1210 6
3553 2
1210 2
3553 6
+24 4
+61 1
+2 1
-2 1
+2 2
4147 18
3635 4
+62 32
+1 3
+20 2
-1 4
+1 2
-1 2
+1 4
-2 5
+6 4
+79 1
+91 1
3727 2
+1 2
+73 1
-42 6
-31 2
-12 1
+6 4
+79 1
+91 1
3727 2
+1 2
+73 1
-42 6
-31 2
3584 4
3699 2
-62 3
+3 12
3917 4
+2 4
+3 1
-3 1
+3 2
+68 4
+1 4
+3 2
-2 2
+2 2
-2 2
+1 4
+6 4
3716 2
4006 12
-3 15
4103 2
+1 4
+2 4
+3 7
+17 3
3906 6
4114 1
-3 1
+3 1
-2 2
+2 4
+2 1
-2 1
-1 1
+6 1
-5 2
+2 1
1868 3
4141 4
cfn=(464) sysmalloc
calls=1 2255 
* 254
+1 1
-1 1
+1 1
1868 3

fn=(464)
2255 10
+20 1
+11 1
-11 1
+11 1
+1 4
fi=(133)
536 1
fe=(131)
2302 2
fi=(133)
536 1
fe=(131)
2302 1
fi=(133)
536 1
fe=(131)
2302 2
+66 1
+1 3
+10 1
-9 1
+9 3
+6 3
+3 3
2705 2
+1 1
+5 2
+3 2
+5 1
-3 1
+1 1
+2 1
-1 1
+1 2
+1 1
-1 1
+3 1
-3 3
+1 1
+8 9
2449 1
-8 5
+19 1
-11 1
+21 4
cfi=(137) /usr/src/debug/glibc-2.31-150300.26.5.x86_64/malloc/morecore.c
cfn=(466) __default_morecore
calls=1 46 
* 69
* 1
+1 1
+3 3
+3 4
+1 2
+46 2
+2 2
+6 1
-6 1
+6 1
-82 1
+10 4
+8 1
-8 1
+8 1
+67 4
+34 2
+6 3
+22 2
+1 5
+2 2
+1 5
cfi=(137)
cfn=(466)
calls=1 46 
* 29
+12 4
-88 2
2661 1
+1 1
-2 1
+1 2
+12 1
-12 1
+1 1
+11 1
2522 3
+99 2
+1 4

fn=(458)
2972 2
+9 1
-9 1
+9 6
fi=(136) /usr/src/debug/glibc-2.31-150300.26.5.x86_64/malloc/../sysdeps/unix/sysv/linux/x86/lowlevellock.h
47 2
fe=(131)
2982 3
cfn=(462)
calls=1 3513 
* 400
+1 1
-1 1
+1 1
+8 4
+7 2
+2 1
+1 2
-1 1
+1 86
+3 2

fl=(80)
fn=(260)
29 2
fi=(57)
+24 1
-1 1
+1 1
-1 2
+5 2
-1 2
+14 2
+2 3
+8 2
+8 2
+2 5
fe=(80)

fl=(58)
fn=(202)
29 2
fi=(59)
+8 4
-1 2
+4 1
-1 1
+1 1
-1 2
+4 3
+3 4
fe=(58)
-17 1

fl=(138) /usr/src/debug/glibc-2.31-150300.26.5.x86_64/misc/sbrk.c
fn=(468) sbrk
32 6
+8 2
-8 6
+8 9
+1 2
cfi=(139) /usr/src/debug/glibc-2.31-150300.26.5.x86_64/misc/../sysdeps/unix/sysv/linux/x86_64/brk.c
cfn=(470) brk
calls=1 -13 
* 14
* 3
+3 4
+4 6
+12 5
-4 2
cfi=(139)
cfn=(470)
calls=1 -28 
* 14
* 2
+4 5

fl=(73)
fn=(240)
29 2
fi=(74) /usr/src/debug/glibc-2.31-150300.26.5.x86_64/string/../sysdeps/x86_64/multiarch/ifunc-memset.h
+21 5
+4 3
-1 5
+15 2
+3 1
-1 2
+9 2
+8 2
+2 5
fe=(73)

fl=(94)
fn=(300)
33 2
fi=(59)
+4 4
-1 2
+4 1
-1 1
+1 1
-1 2
+4 3
+3 4
fe=(94)
-13 1

fl=(115) /usr/src/debug/glibc-2.31-150300.26.5.x86_64/setjmp/../sysdeps/x86_64/setjmp.S
fn=(390) __sigsetjmp
32 1
+9 1
+1 2
+1 1
+4 1
+1 1
+1 1
+1 1
+1 1
+2 2
+2 1
+1 1
+1 1
+2 2
+2 1
+23 1
cfi=(116)
cfn=(392)
calls=1 -56 
* 10

fl=(60)
fn=(206)
31 2
fi=(155)
+1 4
fe=(60)
-1 1

fl=(79)
fn=(256)
29 2
fi=(59)
+8 4
-1 2
+4 1
-1 1
+1 1
-1 2
+4 3
+3 4
fe=(79)
-17 1

fl=(64)
fn=(216)
31 2
fi=(63)
+2 2
-1 1
+1 2
-1 2
+4 3
-1 2
+5 3
+3 4
fe=(64)
-12 1

fl=(65)
fn=(220)
31 4
fi=(66)
+2 4
-1 2
+1 4
-1 4
+4 6
-1 4
+5 6
+3 8
fe=(65)
-12 2

fl=(93)
fn=(296)
31 2
fi=(59)
+6 4
-1 2
+4 1
-1 1
+1 1
-1 2
+4 3
+3 4
fe=(93)
-15 1

fl=(84)
fn=(270)
43 2
-6 5
+6 1

fl=(106)
fn=(356) handle_intel.constprop.1
259 27
+2 3
-2 9
+5 9
+8 3
+1 3
-3 3
+5 12
+6 6
+5 3
-5 9
+5 3
+2 3
+1 3
-1 3
+5 18
cfn=(358) intel_check_word.isra.0
calls=3 128 
* 996
+2 6
+3 21
cfn=(358)
calls=3 128 
* 321
+2 6
+19 33

fn=(358)
128 12
+4 12
+6 6
-10 18
+10 6
-10 6
+10 6
-10 6
+10 12
-10 6
+10 6
+2 6
-2 6
+2 18
250 12
140 24
+2 15
+2 30
+8 30
+51 24
+22 12
fi=(107) /usr/src/debug/glibc-2.31-150300.26.5.x86_64/string/../bits/stdlib-bsearch.h
28 12
-1 24
+8 66
-6 162
+2 162
+1 81
fe=(106)
+87 162
+3 81
fi=(107)
-85 30
fe=(106)
+97 3
255 36
-91 9
+3 9
-6 3
+3 6
+9 6
+1 6
+4 10
+1 10
+17 5
-32 15
+3 15
+4 16
+2 32
+2 14
+1 4
+5 3
+2 6
+2 3
+2 3
+1 3
-3 3
+2 3
-1 3
+1 3
-2 3
+3 3
-2 9
+2 9
-11 11

fn=(354)
488 9
+14 6
758 2
+2 1
+1 1
+2 1
-3 1
+5 1
-5 1
+4 3
+4 2
+3 2
+2 1
+1 1
+2 1
-3 1
+5 1
-5 1
+4 3
+9 1
+2 8
-2 1
+3 8
500 1
+4 1
-4 1
+4 1
cfn=(356)
calls=1 259 
* 462
+2 1
-2 1
+2 1
cfn=(356)
calls=1 259 
* 506
+5 1
-5 1
+5 1
cfn=(356)
calls=1 259 
* 532
+8 1
-8 1
+8 1
+11 1
-20 1
+25 3
+4 2
+8 6
+3 2
+9 6
+14 2
+4 1
+3 1
+1 1
-4 1
+3 1
-3 1
+3 1
+6 8
-39 3
+3 9
+6 6
-6 3
+6 2
+3 20
+5 2
+4 1
+1 1
-1 3
691 4
+1 5
+4 2
+59 2
592 2
+8 1
+2 1
-2 6
+2 4
-2 1
+4 1
+23 2
-25 2
+2 6
+2 6
+3 2
+1 8
+2 4
+3 2
+5 1
+2 2
+1 1
-1 1
+2 1
-2 1
+1 2
+27 2
+1 1
+1 2
+2 1
-1 1
+1 1
-24 3
+4 2
+3 1
+2 4
+1 1
+5 2

fl=(124) /usr/src/debug/glibc-2.31-150300.26.5.x86_64/stdio-common/vfprintf-internal.c
fn=(420) __vfprintf_internal
1289 17
+31 3
+8 4
+4 5
+11 4
+11 1
fi=(156) /usr/src/debug/glibc-2.31-150300.26.5.x86_64/stdio-common/printf-parse.h
111 2
fe=(124)
1354 3
fi=(156)
111 1
cfi=(125) /usr/src/debug/glibc-2.31-150300.26.5.x86_64/string/../sysdeps/x86_64/multiarch/strchr-avx2.S
cfn=(424) __strchrnul_avx2
calls=1 -62 
* 18
* 1
fe=(124)
1369 1
fi=(156)
111 1
fe=(124)
1365 1
+4 6
+1 7
fi=(126) /usr/src/debug/glibc-2.31-150300.26.5.x86_64/stdio-common/../sysdeps/unix/sysv/linux/x86/lowlevellock.h
47 2
fe=(124)
1370 3
+3 1
fi=(157) /usr/src/debug/glibc-2.31-150300.26.5.x86_64/stdio-common/../libio/libioP.h
940 3
+2 2
-2 1
+2 1
-2 1
+3 2
fe=(124)
1373 6
cfi=(127)
cfn=(428) _IO_file_xsputn@@GLIBC_2.2.5
calls=1 1198 
* 72774
* 2
1741 8
+1 3
+3 12
1373 2
+4 3
+4 5
-57 1
+57 2
-23 1
-8 1
-59 2
1423 32
-3 2
-5 2
-5 2
+1 2
-2 2
-1 2
-1 2
-1 2
-1 2
+15 2
-16 2
-1 2
+17 2
-18 2
+10 2
+4 2
+3 2
1682 2
-22 4
+81 6
-36 2
+2 4
+8 2
fi=(156)
111 2
fe=(124)
1715 2
fi=(156)
111 2
fe=(124)
1715 2
fi=(156)
111 2
cfi=(125)
cfn=(424)
calls=2 -62 
* 40
* 2
fe=(124)
1719 2
-4 2
+4 4
fi=(157)
942 4
+1 4
fe=(124)
1719 10
cfi=(127)
cfn=(428)
calls=2 1198 
* 333
* 22
+2 5
-34 50
cfi=(140) /usr/src/debug/glibc-2.31-150300.26.5.x86_64/stdio-common/_itoa.c
cfn=(478) _itoa_word
calls=2 165 
* 120
* 42
-27 20
+21 2
-21 14
1369 4
1687 36
fi=(157)
942 4
+1 4
fe=(124)
1687 10
cfi=(127)
cfn=(428)
calls=2 1198 
* 178
* 42
+1 2
-1 32

fl=(77)
fn=(252)
29 2
fi=(158) /usr/src/debug/glibc-2.31-150300.26.5.x86_64/string/../sysdeps/x86_64/multiarch/ifunc-sse4_2.h
+1 5
fe=(77)
-1 1

fl=(87)
fn=(276)
29 2
fi=(63)
+4 2
-1 1
+1 2
-1 2
+4 3
-1 2
+5 3
+3 4
fe=(87)
-14 1

fl=(144)
fn=(494)
138 2
+1 1
-1 1
+1 3
cfn=(496) __run_exit_handlers
calls=1 -99 
* 1267

fn=(496)
40 11
+5 1
-5 1
+5 2
+11 4
fi=(111) /usr/src/debug/glibc-2.31-150300.26.5.x86_64/stdlib/../sysdeps/unix/sysv/linux/x86/lowlevellock.h
-9 1
fe=(144)
+9 3
fi=(111)
-9 1
fe=(144)
+9 1
fi=(111)
-9 2
fe=(144)
+12 2
+2 5
+16 2
+35 2
fi=(111)
-65 1
fe=(144)
+65 1
fi=(111)
-65 1
fe=(144)
+67 2
-44 6
+2 1
+1 1
-1 1
+4 4
+1 6
+29 1
-3 1
+5 1
-2 2
+2 2
cob=(1)
cfi=(146)
cfn=(502)
calls=1 -78 
* 666
+1 1
+11 1
+1 1
-1 1
+1 1
+5 5
-61 1
+1 4
+63 2
+1 11
cfi=(128)
cfn=(542)
calls=1 842 
* 477
* 3
+2 2
cfi=(151) /usr/src/debug/glibc-2.31-150300.26.5.x86_64/posix/../sysdeps/unix/sysv/linux/_exit.c
cfn=(560) _Exit
calls=1 27 
* 7
-86 1
cfi=(145) /usr/src/debug/glibc-2.31-150300.26.5.x86_64/stdlib/cxa_thread_atexit_impl.c
cfn=(498) __call_tls_dtors
calls=1 +99 
* 13
* 1

fl=(90)
fn=(286)
29 2
fi=(63)
+4 2
-1 1
+1 2
-1 2
+4 3
-1 2
+5 3
+3 4
fe=(90)
-14 1

fl=(133)
fn=(446)
289 4
+5 1
-5 3
+13 2
+6 2
+5 1
-5 1
+2 1
cfi=(131)
cfn=(454)
calls=1 1790 
* 649
+3 4
cob=(1)
cfi=(9)
cfn=(26)
calls=1 +55 
* 21
* 1
+1 4
cob=(1)
cfi=(9)
cfn=(26)
calls=1 +54 
* 20
* 1
+1 4
cob=(1)
cfi=(9)
cfn=(26)
calls=1 +53 
* 21
* 1
+1 4
cob=(1)
cfi=(9)
cfn=(26)
calls=1 +52 
* 20
* 1
+1 4
cob=(1)
cfi=(9)
cfn=(26)
calls=1 +51 
* 20
* 1
+1 4
cob=(1)
cfi=(9)
cfn=(26)
calls=1 +50 
* 21
* 1
+1 4
cob=(1)
cfi=(9)
cfn=(26)
calls=1 +49 
* 20
* 1
+1 4
cob=(1)
cfi=(9)
cfn=(26)
calls=1 +48 
* 20
* 1
+2 4
cob=(1)
cfi=(9)
cfn=(26)
calls=1 +46 
* 20
* 1
+1 4
cob=(1)
cfi=(9)
cfn=(26)
calls=1 +45 
* 20
* 1
+1 4
cob=(1)
cfi=(9)
cfn=(26)
calls=1 +44 
* 20
* 1
+3 4
cob=(1)
cfi=(9)
cfn=(26)
calls=1 +41 
* 20
* 1
+69 2
+1 2
+4 2
-1 1
+1 4
-98 5
cfi=(134)
cfn=(448)
calls=1 126 
* 70192
* 2
+1 4

fl=(91)
fn=(290)
29 2
fi=(66)
+4 2
-1 1
+1 2
-1 2
+4 3
-1 2
+5 3
+3 4
fe=(91)
-14 1

fl=(143) /usr/src/debug/glibc-2.31-150300.26.5.x86_64/io/../sysdeps/unix/sysv/linux/write.c
fn=(492) write
25 2
+1 7
+1 1

fl=(101)
fn=(342)
52 5
+3 3
+14 1
+8 1
-10 1
+1 1
+1 1
+8 1
cfi=(102)
cfn=(344)
calls=1 -47 
* 54
+8 2
-5 1
cfi=(104) /usr/src/debug/glibc-2.31-150300.26.5.x86_64/ctype/ctype-info.c
cfn=(350) __ctype_init
calls=1 -51 
* 18
-18 1
-7 1
+7 4

fl=(104)
fn=(350)
29 2
+2 5
+2 1
+2 1
-4 1
+4 1
-4 1
+2 3
+2 2
+1 1

fl=(141) /usr/src/debug/glibc-2.31-150300.26.5.x86_64/string/../sysdeps/x86_64/multiarch/memmove-vec-unaligned-erms.S
fn=(482) __mempcpy_avx_unaligned_erms
222 4
+1 4
+1 4
+17 4
+1 4
+47 4
+1 4
+2 4
+1 4
+1 4
+1 4
+1 2
+1 2
+1 1
+1 1
+1 1
+2 1
+28 2
+1 2
+1 2
+1 2
+1 2
+3 1
+1 1
+1 1
+1 1
+1 1

fl=(127)
fn=(428)
1198 30
+7 5
-7 15
+6 25
+7 25
+17 3
+4 6
+4 3
+2 9
-1 3
+1 3
-2 3
cfi=(141)
cfn=(482)
calls=3 222 
* 50
* 3
-4 1
+4 1
+2 3
-1 1
+1 1
-2 1
cfi=(141)
cfn=(482)
calls=1 222 
* 17
* 1
* 4
+4 8
+18 6
+10 45
-40 1
+16 1
fi=(142)
940 3
+2 2
+1 2
fe=(127)
1244 1
fi=(142)
940 3
+2 2
+1 2
fe=(127)
1244 6
cfn=(430)
calls=2 732 
* 72276
* 4
+6 4
+1 14
+2 4
+11 6
+1 4
cfi=(128)
cfn=(476)
calls=1 371 
* 574
* 3
-52 8
+1 8
+3 12
+2 40
-2 27
+4 1
+11 5

fn=(474) _IO_do_write@@GLIBC_2.2.5
424 4
+2 5
+1 1
-3 2
+2 1
cfn=(486) new_do_write
calls=1 +6 
* 105
* 4
+1 2

fn=(558)
793 6
+5 4
+2 1
+1 2
+11 2
+4 4

fn=(430)
732 24
+1 36
+7 12
-8 72
+8 45
+35 22
+3 20
+3 30
+1 30
+1 50
+5 40
-45 2
+12 2
+9 4
+5 2
+3 1
-4 1
+3 2
-5 1
+1 1
+4 1
+1 4
+3 1
-2 1
+2 1
+2 2
-1 2
+12 6
-11 2
-1 2
cfn=(474)
calls=2 424 
* 124
-31 2
cfi=(128)
cfn=(432)
calls=1 343 
* 72075
+1 6

fn=(490) _IO_file_write@@GLIBC_2.2.5
1174 8
+2 6
+5 1
cfi=(143)
cfn=(492)
calls=1 25 
* 10
+1 2
+5 1
+1 1
-12 2
+5 5
+10 3
+3 9

fn=(486)
432 18
+2 2
fi=(142)
943 2
fe=(127)
449 4
cfn=(490)
calls=1 1174 
* 48
+1 1
-1 1
+1 4
+6 1
-4 1
+4 1
-4 3
+1 2
+3 1
-2 1
+4 9
-17 4
+14 2

fn=(436)
1147 3
+1 3
cfi=(130)
cfn=(438)
calls=1 33 
* 12

fn=(554)
382 4
+1 1
cfi=(128)
cfn=(556)
calls=1 +69 
* 72
* 2
+4 2
-1 2
+2 3
+2 1
+1 2

fl=(125)
fn=(424)
49 3
+2 3
+1 3
+1 3
+2 3
+1 3
+1 3
+4 2
+1 2
+1 2
+1 2
+1 2
+1 2
+1 2
+11 1
+1 1
+1 1
+1 1
+1 1
+1 1
+1 1
+2 1
+1 1
+1 1
+2 1
+1 1
+2 1
+8 2
+87 2
+2 2
+7 4

fl=(105)
fn=(352)
83 2
+1 4
+1 3
+1 3
+2 1

fl=(114)
fn=(388)
30 1
+2 1
cfi=(115)
cfn=(390)
calls=1 * 
* 29

fl=(56)
fn=(198)
29 4
fi=(57)
+24 2
-1 2
+1 2
-1 4
+5 4
-1 4
+14 4
+2 6
+8 4
+8 4
+2 10
fe=(56)

fl=(148) /usr/src/debug/glibc-2.31-150300.26.5.x86_64/nptl/register-atfork.c
fn=(528) __unregister_atfork
79 4
+1 3
fi=(149) /usr/src/debug/glibc-2.31-150300.26.5.x86_64/nptl/../sysdeps/unix/sysv/linux/x86/lowlevellock.h
-33 2
fe=(148)
+35 1
-14 2
+38 4
+1 2

fl=(137)
fn=(466)
46 6
+1 2
cfi=(138)
cfn=(468)
calls=2 -15 
* 80
+2 6
+3 4

fl=(123) /usr/src/debug/glibc-2.31-150300.26.5.x86_64/stdio-common/printf.c
fn=(418) printf
28 13
+4 1
+1 3
-1 5
+1 3
cfi=(124)
cfn=(420)
calls=1 1289 
* 73997
+4 5

fl=(103)
fn=(348)
47 1
+1 1
+2 1
+1 1
+3 1
+1 1
+1 1
+2 1
+1 1
+1 1
+1 1
+1 1
+1 1
+2 1
+1 1
+12 1
+1 1
219 1
+1 1
+1 1
+1 1
+1 1
+2 1
+1 1
+1 1
+1 2

fl=(78)
fn=(254)
31 2
fi=(155)
+1 4
fe=(78)
-1 1

fl=(110)
fn=(374) __new_exitfn
82 2
+6 2
-6 2
+1 2
-1 1
+11 5
+2 3
-2 1
+10 2
-10 2
+45 1
+1 1
+4 4
-19 1
+1 2

fn=(370) __internal_atexit
36 7
+5 5
+2 2
fi=(111)
+4 1
fe=(110)
-4 1
fi=(111)
+4 2
fe=(110)
-3 2
cfn=(374)
calls=1 +38 
* 31
+2 2
+7 1
+3 1
+1 1
-4 2
+5 1
-3 1
+4 4
+2 7

fn=(368)
69 2
+1 2
cfn=(370)
calls=1 -34 
* 71

fl=(86)
fn=(274)
61 2
-20 4
-1 2
+4 3
-1 2
+5 3
+3 4
+10 1

fl=(151)
fn=(560)
27 4
+4 1
+2 2

fl=(85)
fn=(272)
29 2
fi=(158)
+1 5
fe=(85)
-1 1

fl=(88)
fn=(280)
29 2
fi=(63)
+4 2
-1 1
+1 2
-1 2
+4 3
-1 2
+5 3
+3 4
fe=(88)
-14 1

fl=(76)
fn=(248)
31 4
fi=(63)
+2 4
-1 2
+1 4
-1 4
+4 6
-1 4
+5 6
+3 8
fe=(76)
-12 2

fl=(62)
fn=(212)
28 2
fi=(63)
+5 2
-1 1
+1 2
-1 2
+4 3
-1 2
+5 3
+3 4
fe=(62)
-15 1

fl=(145)
fn=(498)
145 5
+1 4
+18 4

fl=(89)
fn=(284)
31 2
fi=(155)
+1 4
fe=(89)
-1 1

fl=(92)
fn=(294)
29 2
fi=(158)
+1 5
fe=(92)
-1 1

fl=(121)
fn=(410)
226 4
+48 1
-48 2
+47 1
-47 5
+26 2
+31 4
525 8
292 6
+2 2
+5 2
+5 1
-6 1
+7 3
+3 3
+10 2
434 1
-56 1
+56 4
+16 1
+11 1
-84 1
-1 1
+96 1
-22 2
+17 2
+5 2
+1 6
-41 4
+2 8
+2 6
+28 6
+3 4
+11 2
+5 2
+6 2
328 5
-82 2
492 3
-2 2

fl=(139)
fn=(470)
28 4
+3 16
+8 2
-6 4
+7 2

fl=(82)
fn=(266)
31 4
fi=(83) /usr/src/debug/glibc-2.31-150300.26.5.x86_64/wcsmbs/../sysdeps/x86_64/multiarch/ifunc-wmemset.h
+3 4
-1 2
+1 4
-1 4
+3 4
+8 6
+3 8
fe=(82)
-16 2

fl=(67)
fn=(224)
30 2
fi=(66)
+3 2
-1 1
+1 2
-1 2
+4 3
-1 2
+5 3
+3 4
fe=(67)
-13 1

fl=(81)
fn=(264)
61 2
-20 4
-1 2
+4 3
-1 2
+5 3
+3 3
+10 1

fl=(140)
fn=(478)
165 4
+3 8
+2 4
+9 100
+9 4

fl=(147) /usr/src/debug/glibc-2.31-150300.26.5.x86_64/stdlib/cxa_finalize.c
fn=(524) __cxa_finalize
30 10
+3 2
fi=(111)
+14 1
fe=(147)
-14 1
fi=(111)
+14 2
fe=(147)
-11 3
+4 7
-4 3
+58 5
+4 6
-4 3
+12 2
+1 2
cfi=(148)
cfn=(528)
calls=1 -28 
* 18
+2 4
+1 8

ob=(5)
fl=(112)
fn=(376)
68 7
+18 1
-18 1
+18 1
-18 3
+18 1
-18 1
+18 1
-3 1
cob=(2)
cfi=(18)
cfn=(378) 0x00000000004004e8
calls=1 -83 
* 6
+4 4
+1 4
cfi=(113)
cfn=(382) 0x0000000000400620
calls=1 -88 
* 16
-1 3
+2 8

fl=(117)
fn=(394)
9 5
+2 2
+7 7
cob=(3)
cfi=(120)
cfn=(408)
calls=1 +87 
* 122
cob=(1)
cfi=(118)
cfn=(402)
calls=1 +54 
* 670
* 5
* 1
+1 3
cfi=(122) /home2/users/alumnes/1289393/dades/Documents/COM-Labs/s5-debug/files/fibonacci.c
cfn=(412) fibonacci
calls=1 -15 
* 50129741
* 1
+1 6
cob=(3)
cfi=(123)
cfn=(418)
calls=1 +8 
* 74027
cob=(1)
cfi=(118)
cfn=(402)
calls=1 +52 
* 614
* 5
+3 1
+1 2

fl=(108)
fn=(364)
63 1
+16 1
+6 1
+3 1
+2 1
+3 1
+4 1
+4 1
+1 1
+2 1
+16 1
cob=(3)
cfi=(109)
cfn=(366)
calls=1 +17 
* 50206709

fl=(122)
fn=(412)
4 5
+1 4
+1 4
cfn=(413) fibonacci'2
calls=1 -2 
* 30981875
* 5
cfn=(413)
calls=1 -2 
* 19147843
* 1
+1 4

fn=(413)
4 13462680
+1 12434224
+1 5385068
cfn=(413)
calls=1346267 -2 
* 592310441
* 6731335
cfn=(413)
calls=1346267 -2 
* 358897453

ob=(2)
fl=(18)
fn=(120)
0 2
cob=(1)
cfi=(19)
cfn=(122)
calls=2 109 
0 12

fn=(540)
0 3

fn=(514)
0 3

fn=(332)
0 4

ob=(5)
fl=(122)
fn=(413)
6 1346267
+1 10770144

fl=(113)
fn=(504)
0 5
cfn=(508) 0x0000000000400580
calls=1 0 
0 7
0 3

fn=(508)
0 7

fn=(382)
0 10

ob=(2)
fl=(18)
fn=(332)
0 2

fn=(378)
0 4

ob=(5)
fl=(113)
fn=(382)
0 6

ob=(2)
fl=(18)
fn=(378)
0 2

fn=(522) 0x0000000004a2d4d0
0 1
cob=(3)
cfi=(147)
cfn=(524)
calls=1 30 
0 77

fn=(440)
0 1
cob=(3)
cfi=(131)
cfn=(442)
calls=1 3023 
0 71944

ob=(4)
fl=(100)
fn=(516)
0 8
cob=(2)
cfi=(18)
cfn=(522)
calls=1 0 
0 78
0 1
cfn=(534) 0x00000000000004f0
calls=1 0 
0 8
0 3

fn=(336)
0 17

fn=(534)
0 8

totals: 50394081
